--- Top 300 unique unconstrained sequences by I score (L=18, k=6) ---
Rank   I          minHD  meanHD   seed         sequence
1      10.6724    11     15.127   1094172113   264365324135215461
2      10.6724    11     15.064   650490385    163455626433252411
3      10.6724    11     15.007   1097306469   456154133123462652
4      10.6724    11     14.987   1701019888   531243425216463615
5      10.6724    11     14.983   452758117    456461534131223625
6      10.6724    11     14.913   1870580761   314655432613622451
7      10.6724    10     15.140   1602224516   631622321341554564
8      10.6724    10     15.074   313763614    146435325513162426
9      10.6724    10     15.057   188696565    264134563253615421
10     10.6724    10     15.040   786934067    661535124323416425
11     10.6724    10     15.040   1518286136   411425526312335664
12     10.6724    10     15.027   1548482524   163412453643522615
13     10.6724    10     14.997   721686127    132565441631452236
14     10.6724    10     14.980   1296873580   362246511564132354
15     10.6724    10     14.980   1287952127   331126566225453414
16     10.6724    10     14.977   422128569    214134465512536263
17     10.6724    10     14.967   1527887440   263564244615113253
18     10.6724    10     14.943   247972905    452546331641326512
19     10.6724    10     14.900   1123166269   211246134263556543
20     10.6724    10     14.803   1039974451   442336431216615255
21     10.6724    9      15.057   739627692    423622554613165143
22     10.6724    9      14.987   935264172    421323615445126653
23     10.6724    9      14.977   1746969108   322511542631346645
24     10.6724    9      14.946   167219183    155466264342135123
25     10.6724    9      14.886   1212411194   252146411663233455
26     10.6724    6      14.950   535697361    433566423114621255
27     10.6452    11     15.167   1242785087   521533464114235566
28     10.6452    11     15.157   1590121819   252312166361445351
29     10.6452    11     15.140   651057668    236445562135251143
30     10.6452    11     15.137   2004875164   215113325545664346
31     10.6452    11     15.130   379260751    152136353164224565
32     10.6452    11     15.120   957663124    362416651153342125
33     10.6452    11     15.120   579926607    663432244512655315
34     10.6452    11     15.117   381559030    435154636162245314
35     10.6452    11     15.107   199429444    524225136343144661
36     10.6452    11     15.097   888756362    523221165563641345
37     10.6452    11     15.094   1604888626   461126354562313442
38     10.6452    11     15.084   49144503     631164655623244215
39     10.6452    11     15.080   1788603599   426143154645323621
40     10.6452    11     15.074   162865229    655351643225414236
41     10.6452    11     15.070   102150377    513644553216226311
42     10.6452    11     15.070   1712864471   255453633442166261
43     10.6452    11     15.070   671273659    665145442325215631
44     10.6452    11     15.064   2097607991   234251644132653145
45     10.6452    11     15.060   94357362     532661142123543365
46     10.6452    11     15.054   632570771    342235125441146366
47     10.6452    11     15.054   400935513    441542566226135231
48     10.6452    11     15.054   415497666    365354461522314124
49     10.6452    11     15.030   662520586    442262346511325531
50     10.6452    11     15.030   1211323723   542441232662115533
51     10.6452    11     15.017   2137893254   412362654663553421
52     10.6452    11     15.013   1313165013   655123534336141624
53     10.6452    11     15.013   1719517383   432612134514253356
54     10.6452    11     15.003   569374734    335115634413262465
55     10.6452    11     15.003   710423693    462664312532165451
56     10.6452    11     14.987   1825214864   166122135465643425
57     10.6452    11     14.987   881615182    362214123454325651
58     10.6452    11     14.977   1476366968   515654532241164236
59     10.6452    11     14.963   1000483599   645363122423215416
60     10.6452    11     14.953   1463110552   442236352541643115
61     10.6452    11     14.953   231036645    114125462434236635
62     10.6452    11     14.846   336909997    416145523644632153
63     10.6452    10     15.227   831995892    536252613154146323
64     10.6452    10     15.217   2040698343   261654345136242321
65     10.6452    10     15.174   845980223    656243233611425341
66     10.6452    10     15.167   17086264     454653316421552361
67     10.6452    10     15.164   225586485    424635262341561316
68     10.6452    10     15.154   917902718    566144316254153321
69     10.6452    10     15.154   161535935    351453415425266136
70     10.6452    10     15.151   1274314779   525441221453316236
71     10.6452    10     15.144   648903456    556113162363214524
72     10.6452    10     15.140   1527653297   562153523132446642
73     10.6452    10     15.134   1761790954   514236416313265522
74     10.6452    10     15.134   852808650    126334316145565223
75     10.6452    10     15.130   1940577092   321261653644542331
76     10.6452    10     15.127   132600972    312511366552343246
77     10.6452    10     15.117   1095994359   334614351524116226
78     10.6452    10     15.117   890091582    161226365513454421
79     10.6452    10     15.110   1440017634   461214543165332564
80     10.6452    10     15.110   1326237018   612543315651442621
81     10.6452    10     15.104   1948417345   163144515332622556
82     10.6452    10     15.097   1321234628   314563622152465351
83     10.6452    10     15.097   105099598    642545651341221632
84     10.6452    10     15.090   93460445     654113421564362245
85     10.6452    10     15.087   1482482663   612236241563345516
86     10.6452    10     15.087   897853147    115644366532524512
87     10.6452    10     15.087   678925180    133645524632614312
88     10.6452    10     15.084   1967943092   432345511524616636
89     10.6452    10     15.084   1013170557   314265253512466163
90     10.6452    10     15.084   1359965018   132256265336344154
91     10.6452    10     15.080   1682017875   112454356321466225
92     10.6452    10     15.080   2071783373   332521516314422456
93     10.6452    10     15.077   815862865    653213515225463144
94     10.6452    10     15.074   322225072    416332255652131264
95     10.6452    10     15.067   1741612489   556433412253151466
96     10.6452    10     15.067   1041077252   615113343655246212
97     10.6452    10     15.064   1988511621   556644113362651224
98     10.6452    10     15.064   1431627764   513565243422616364
99     10.6452    10     15.064   696167188    243652615451256334
100    10.6452    10     15.060   1831274765   315246251443233661
101    10.6452    10     15.057   1054573170   144613532455641236
102    10.6452    10     15.057   2042297099   211351424456365532
103    10.6452    10     15.050   1735571953   546211341636422523
104    10.6452    10     15.047   1066522174   646223163344325515
105    10.6452    10     15.043   274809666    224152365544312663
106    10.6452    10     15.040   2068148709   644211465413523253
107    10.6452    10     15.040   1174153216   654234121561316432
108    10.6452    10     15.033   1080451721   315141246636525543
109    10.6452    10     15.030   965691615    463626452125416133
110    10.6452    10     15.030   309139835    313525616624411534
111    10.6452    10     15.030   843022409    242511461334532664
112    10.6452    10     15.027   1590669152   634135512542431664
113    10.6452    10     15.023   576748242    323564311621552466
114    10.6452    10     15.020   1357677736   611364235322554156
115    10.6452    10     15.020   131740605    354123624614256534
116    10.6452    10     15.020   1359091212   426221643663355141
117    10.6452    10     15.017   1426538301   325512646523311442
118    10.6452    10     15.013   121154080    526343142415516612
119    10.6452    10     15.013   1770629907   126136546455315242
120    10.6452    10     15.013   1236818094   663615122524465433
121    10.6452    10     15.013   84010679     152414431653566212
122    10.6452    10     15.010   1601267982   365215546242314563
123    10.6452    10     15.010   862702771    562411455221236334
124    10.6452    10     15.010   554570029    314355253261636442
125    10.6452    10     15.007   910364428    143251166535634423
126    10.6452    10     15.007   518938879    233266255453151644
127    10.6452    10     15.007   928469389    431562514542322613
128    10.6452    10     15.003   1359742660   313525632365141642
129    10.6452    10     15.003   1025367061   144135152236625543
130    10.6452    10     15.003   570245626    625143635561321542
131    10.6452    10     15.003   1321405911   166553432264214563
132    10.6452    10     15.003   1514676637   346261652141553244
133    10.6452    10     15.003   1601427589   136522332661454151
134    10.6452    10     15.000   652674964    545122465316334214
135    10.6452    10     14.997   1775051813   265624133611543522
136    10.6452    10     14.997   547553514    553134433211622566
137    10.6452    10     14.993   695066878    315142622536546412
138    10.6452    10     14.993   910181623    146124355231533662
139    10.6452    10     14.990   1390252303   536341235621654452
140    10.6452    10     14.987   278533095    325236245331416651
141    10.6452    10     14.987   474466910    341314226536632154
142    10.6452    10     14.987   2055189284   525443661421635133
143    10.6452    10     14.983   1142783483   433641622456113512
144    10.6452    10     14.983   783358889    143565123213364524
145    10.6452    10     14.983   845310619    556466341651321224
146    10.6452    10     14.983   508973978    632361525414453116
147    10.6452    10     14.983   801555427    163354236644321152
148    10.6452    10     14.980   998336967    132355614642124153
149    10.6452    10     14.980   1009453280   315511624232145463
150    10.6452    10     14.980   965393242    123524614416532256
151    10.6452    10     14.980   1925948690   641133143656625452
152    10.6452    10     14.980   1681449673   265114231566355443
153    10.6452    10     14.977   1673321093   543255163642412113
154    10.6452    10     14.973   827500481    246435632331615514
155    10.6452    10     14.973   1314930912   654246432263141535
156    10.6452    10     14.970   852209880    612366245531541435
157    10.6452    10     14.967   1545473403   246316414251556132
158    10.6452    10     14.967   492883676    313536225465211614
159    10.6452    10     14.967   997592319    522354341646253156
160    10.6452    10     14.967   417208271    116562355243645412
161    10.6452    10     14.967   1220699347   426625146541135322
162    10.6452    10     14.963   1589126626   151365611624433225
163    10.6452    10     14.963   1782128786   213324123616434565
164    10.6452    10     14.960   1507382947   165351332462521445
165    10.6452    10     14.960   954942513    162425135564531236
166    10.6452    10     14.957   1135568051   221153132455646654
167    10.6452    10     14.950   213698640    225164462663553134
168    10.6452    10     14.950   2047136615   642536545616221143
169    10.6452    10     14.950   875992044    563164323442621135
170    10.6452    10     14.946   1435097539   562511634321453612
171    10.6452    10     14.946   2085637340   116154244366533452
172    10.6452    10     14.946   1566351090   536342643224516154
173    10.6452    10     14.940   140399610    313263524234164651
174    10.6452    10     14.936   1462574856   216526414463325453
175    10.6452    10     14.936   1178924720   115123356622636445
176    10.6452    10     14.933   1506314807   453646121562432551
177    10.6452    10     14.933   1694338628   451236433534216652
178    10.6452    10     14.933   1313303257   314216536445133522
179    10.6452    10     14.933   636179971    243613442656223515
180    10.6452    10     14.923   1286550489   614563415265136223
181    10.6452    10     14.923   205349287    316361432345512542
182    10.6452    10     14.920   692410959    453631244216146255
183    10.6452    10     14.920   1756974460   213425662452631154
184    10.6452    10     14.920   1032325719   122654615235332144
185    10.6452    10     14.916   1433295868   246561133154253452
186    10.6452    10     14.913   1561132540   143662645116535224
187    10.6452    10     14.910   1769910139   142563366212453413
188    10.6452    10     14.910   138623301    362644131125332456
189    10.6452    10     14.910   767674262    541312432235636614
190    10.6452    10     14.903   1224674861   623455411246135253
191    10.6452    10     14.903   923606812    346514535622431163
192    10.6452    10     14.903   1625964603   332434142625351615
193    10.6452    10     14.896   1202400182   112664336356242514
194    10.6452    10     14.890   2050968713   126616533562451423
195    10.6452    10     14.886   1235407034   355412433221136646
196    10.6452    10     14.880   861401804    344623225261136554
197    10.6452    10     14.880   1487755832   245621541646335122
198    10.6452    10     14.880   1536235434   162642112346335654
199    10.6452    10     14.876   346160725    451663531446122152
200    10.6452    10     14.876   1705048000   344363165624132515
201    10.6452    10     14.866   612263100    116412446225335615
202    10.6452    10     14.863   424002926    423632153526131654
203    10.6452    10     14.853   1949490642   412352434226651163
204    10.6452    10     14.746   626083447    512663134246254415
205    10.6452    9      15.224   1901517497   644325316154263524
206    10.6452    9      15.187   1151081719   641224365153261134
207    10.6452    9      15.177   1321643531   623431554126564632
208    10.6452    9      15.137   273538578    154531262343665251
209    10.6452    9      15.107   1253039569   231436356445161552
210    10.6452    9      15.107   190009860    614121543532462636
211    10.6452    9      15.097   47879591     435221164465561263
212    10.6452    9      15.094   123892656    231355622166364415
213    10.6452    9      15.090   1248513101   544241531132562635
214    10.6452    9      15.087   1014908279   635241364451542123
215    10.6452    9      15.084   556781544    266442251613233154
216    10.6452    9      15.070   20471494     532651623364244156
217    10.6452    9      15.067   1930627614   254455234365131162
218    10.6452    9      15.064   865539557    541136651422621533
219    10.6452    9      15.060   1525089489   216236356641514532
220    10.6452    9      15.060   950550479    225435231564616345
221    10.6452    9      15.057   2128310227   221536611345633542
222    10.6452    9      15.057   493123452    321263413515661442
223    10.6452    9      15.057   1645333408   563521123264345136
224    10.6452    9      15.054   489471987    325445511426563612
225    10.6452    9      15.054   241519700    625635342454165121
226    10.6452    9      15.050   95409335     426651436156322531
227    10.6452    9      15.050   1430796613   565413233512216645
228    10.6452    9      15.050   427400086    424621635152654431
229    10.6452    9      15.050   947674261    531635621146434265
230    10.6452    9      15.047   695728366    451346522632153642
231    10.6452    9      15.037   1796480519   541136614525632344
232    10.6452    9      15.027   1360769796   456635261251413424
233    10.6452    9      15.020   1706143863   245415163623421135
234    10.6452    9      15.013   372648073    125665136454262341
235    10.6452    9      15.010   1164794901   141523543253461656
236    10.6452    9      15.007   1033733522   252651362311453424
237    10.6452    9      14.997   2013589264   621363345441223165
238    10.6452    9      14.993   431867440    124436354611652213
239    10.6452    9      14.987   315993442    356136452312214653
240    10.6452    9      14.983   1532075985   351436422652113156
241    10.6452    9      14.983   1023635556   154532423446165213
242    10.6452    9      14.980   1586435955   563132526245351416
243    10.6452    9      14.977   1890494193   563121434266154536
244    10.6452    9      14.977   997557080    144131626422523635
245    10.6452    9      14.977   1490322729   433662613234115525
246    10.6452    9      14.977   1602344313   213352445653161425
247    10.6452    9      14.973   1118642237   434663621231551325
248    10.6452    9      14.970   1239023193   245341163354626155
249    10.6452    9      14.963   578947191    252662153416554433
250    10.6452    9      14.957   971587669    125331524236564414
251    10.6452    9      14.957   1644733518   313265412455161423
252    10.6452    9      14.950   1700834450   425662451263354143
253    10.6452    9      14.946   2072938055   232664334416551561
254    10.6452    9      14.946   756952165    433653426241451216
255    10.6452    9      14.943   1428276702   166365544143421253
256    10.6452    9      14.933   1715677349   244356654211453613
257    10.6452    9      14.930   1111256368   521623543345136614
258    10.6452    9      14.926   1869896215   125456534352631164
259    10.6452    9      14.923   507146232    611233643224451652
260    10.6452    9      14.906   1296830686   462316334265114553
261    10.6452    9      14.883   2147471440   262351522441336145
262    10.6452    9      14.873   784766888    224463145511236625
263    10.6452    9      14.849   1142113645   625266344142231155
264    10.6452    9      14.789   1012966412   245663135541436216
265    10.6452    8      15.164   826621275    466442231533625141
266    10.6452    8      15.151   1278339227   615536462125442334
267    10.6452    8      15.130   1540486558   336556245216642341
268    10.6452    8      15.100   944283048    253244161143523465
269    10.6452    8      15.097   195447146    543412464265613325
270    10.6452    8      15.090   1913518391   366552146243342311
271    10.6452    8      15.080   1944496853   243411544225653366
272    10.6452    8      15.047   464713561    354261516321244643
273    10.6452    8      15.030   1710744355   652442335456616211
274    10.6452    8      15.027   1986240991   426515234553621143
275    10.6452    8      15.020   1266810530   125652441364332316
276    10.6452    8      15.003   786363580    322361656351245443
277    10.6452    8      15.000   2144884184   153145663226413421
278    10.6452    8      14.987   1021693874   536623314456134152
279    10.6452    8      14.983   1213171869   652344535124316215
280    10.6452    8      14.980   1308859846   453526312256134142
281    10.6452    8      14.977   1785585350   615564462214342353
282    10.6452    8      14.977   685828614    553264661223513411
283    10.6452    8      14.967   1222959635   125632141366534544
284    10.6452    8      14.950   1588669209   562364544326512163
285    10.6452    8      14.913   171181896    514664134325521163
286    10.6452    8      14.913   1198552507   435316624264413255
287    10.6452    8      14.896   1267565603   254621126536332414
288    10.6452    8      14.756   409291839    241661145236332654
289    10.6452    7      15.060   790634971    241466455336511325
290    10.6452    7      14.870   814271587    155216136564434253
291    10.6452    7      14.793   299693281    155266143454132253
292    10.6452    7      14.776   1876150145   245166425236311415
293    10.6452    6      15.094   179178599    314552126434656236
294    10.6452    6      15.007   1050215594   314512526554636234
295    10.6452    6      14.980   1450526044   334321416542256613
296    10.6452    6      14.980   1728401187   463366526114423255
297    10.6452    6      14.836   1893947714   334326445241256615
298    10.6180    11     14.833   1697455930   435166131256422633
299    10.6180    10     14.967   1824983096   322426621615355644
300    10.6180    10     14.960   1443219696   636122642521135465

--- Top 300 unique constrained sequences by I score (L=18, k=6) ---
Rank   I          minHD  meanHD   seed         sequence
1      10.6724    11     15.204   1363847345   434635362211542651
2      10.6724    11     15.167   203808708    633165344155422612
3      10.6724    11     15.151   1901490991   331155662245164234
4      10.6724    11     15.124   1008506959   652456233135461421
5      10.6724    11     15.120   598712429    366141335225162454
6      10.6724    11     15.117   1999530790   414233135612625465
7      10.6724    11     15.107   1122027355   216413351252443656
8      10.6724    11     15.094   678869269    542265113435316462
9      10.6724    11     15.090   398126466    144345322662513615
10     10.6724    11     15.077   951647984    634241154355616232
11     10.6724    11     15.067   1150424432   536564543161223241
12     10.6724    11     15.054   738102365    415436632142265135
13     10.6724    11     15.054   824362424    334546551163224126
14     10.6724    11     15.047   1482336033   146325541365226431
15     10.6724    11     15.037   1036145189   344212354116563625
16     10.6724    11     15.033   1029610046   251416126553246433
17     10.6724    11     15.027   162551552    235266134414536215
18     10.6724    11     15.027   1199368414   655462114312423536
19     10.6724    11     15.023   618412881    631526412365424351
20     10.6724    11     15.020   1234085978   642251144536162335
21     10.6724    11     15.013   738378737    265611532336414245
22     10.6724    11     15.010   363795688    643513234625452116
23     10.6724    11     14.983   56373836     632233144661545251
24     10.6724    11     14.960   1210012995   265216311544643235
25     10.6724    11     14.946   1737838934   126561524314536342
26     10.6724    11     14.940   944201867    646343226531124551
27     10.6724    11     14.940   493434524    131624126564234355
28     10.6724    11     14.916   2019927399   663415232612544531
29     10.6724    11     14.910   101514529    415531426456123362
30     10.6724    11     14.886   990664309    216524336426145135
31     10.6724    11     14.876   1096201968   361142446256335152
32     10.6724    10     15.224   425231537    131245643523261654
33     10.6724    10     15.224   1123398514   314256465524123613
34     10.6724    10     15.214   882827740    251156631442453236
35     10.6724    10     15.207   1504788111   335664552242314611
36     10.6724    10     15.204   1863889435   223115654514263643
37     10.6724    10     15.171   1268797818   541153346561232642
38     10.6724    10     15.157   311828871    466135425514312632
39     10.6724    10     15.151   784342396    643236341254211655
40     10.6724    10     15.144   1627726502   456541512143223663
41     10.6724    10     15.140   123340510    124536335561642214
42     10.6724    10     15.134   55666047     324165142633455621
43     10.6724    10     15.130   1996898888   556236413152421634
44     10.6724    10     15.127   1397949363   312454655133261642
45     10.6724    10     15.127   1105525622   442232556653311461
46     10.6724    10     15.127   504787123    641551261344622533
47     10.6724    10     15.124   1388593774   252434663231156451
48     10.6724    10     15.120   1087391054   452623615312435146
49     10.6724    10     15.120   2132672625   523242165153664314
50     10.6724    10     15.120   2048599654   223415426531135646
51     10.6724    10     15.120   593503260    131536522446235641
52     10.6724    10     15.117   1998521921   243153541345661226
53     10.6724    10     15.117   128949596    532462155144263361
54     10.6724    10     15.114   1578261976   622355443366415211
55     10.6724    10     15.104   218126917    351243326141554662
56     10.6724    10     15.100   34836448     455133122326416546
57     10.6724    10     15.097   2033903896   644515423226113536
58     10.6724    10     15.097   1805786665   431261163346522554
59     10.6724    10     15.094   598310492    352455361416231264
60     10.6724    10     15.090   1701184136   615521253423366441
61     10.6724    10     15.087   1002938051   143356252163464512
62     10.6724    10     15.084   560770087    143624635321516542
63     10.6724    10     15.080   1000610940   634331551466522412
64     10.6724    10     15.074   914126459    641355633214542612
65     10.6724    10     15.070   2029492081   152244513534661623
66     10.6724    10     15.070   15062855     644225612433165153
67     10.6724    10     15.067   1483576579   552663413314612245
68     10.6724    10     15.067   1809205544   112645665251324334
69     10.6724    10     15.067   768807255    656354261224133451
70     10.6724    10     15.064   2030360550   365564453422131261
71     10.6724    10     15.060   939501354    424633411665325152
72     10.6724    10     15.060   590242670    353155246211636442
73     10.6724    10     15.060   1808803259   113462235452643615
74     10.6724    10     15.060   704804488    534612364522541163
75     10.6724    10     15.057   1070383949   523361165546224134
76     10.6724    10     15.057   1667429917   451231535642146326
77     10.6724    10     15.050   389508600    542313653446215261
78     10.6724    10     15.047   1111516019   435212366451316542
79     10.6724    10     15.047   142043713    415453523626463112
80     10.6724    10     15.047   895454606    152635423116624534
81     10.6724    10     15.047   1985753948   436621342254563115
82     10.6724    10     15.043   1440064512   543365623422145116
83     10.6724    10     15.043   1765313349   562235516131264434
84     10.6724    10     15.043   326292821    223346452663551141
85     10.6724    10     15.040   660864615    524113256462316354
86     10.6724    10     15.037   9676482      641421613253634552
87     10.6724    10     15.037   693440300    425131463265341562
88     10.6724    10     15.033   1299459293   341626445136321525
89     10.6724    10     15.033   891427389    416246113425526533
90     10.6724    10     15.033   978961434    325121154423564366
91     10.6724    10     15.030   1384235429   562465521613233441
92     10.6724    10     15.030   170713000    466155125642343213
93     10.6724    10     15.027   1144287965   622132463356114455
94     10.6724    10     15.027   381064982    551412445626361323
95     10.6724    10     15.027   140231762    413552623643142516
96     10.6724    10     15.027   624896606    264153432514523166
97     10.6724    10     15.027   562994547    154261436625235134
98     10.6724    10     15.023   465318640    344616525364122315
99     10.6724    10     15.023   378527634    624113534325645261
100    10.6724    10     15.023   1793768675   433522142611536645
101    10.6724    10     15.020   289472854    514126634423215365
102    10.6724    10     15.017   825526938    122351426561643453
103    10.6724    10     15.017   1056125256   224131536546643521
104    10.6724    10     15.017   1098929417   364355146162154232
105    10.6724    10     15.013   64421669     135264544121632365
106    10.6724    10     15.013   594316215    544531166213523426
107    10.6724    10     15.013   1208248965   646131451535236242
108    10.6724    10     15.010   1394029316   563442553641161223
109    10.6724    10     15.010   2056383997   132631215453644256
110    10.6724    10     15.010   2051056399   465612262144553133
111    10.6724    10     15.007   366193953    115264654362133425
112    10.6724    10     15.007   1527574584   244514661163352325
113    10.6724    10     15.007   959572552    316525622134514364
114    10.6724    10     15.007   238305453    135433125266442156
115    10.6724    10     15.003   1400802177   126442535632136154
116    10.6724    10     15.003   86987941     655121643523441362
117    10.6724    10     14.997   398447776    434514623211366552
118    10.6724    10     14.993   950630178    226315464451136523
119    10.6724    10     14.990   1298930270   264465311435236125
120    10.6724    10     14.987   1574809759   566331654243251214
121    10.6724    10     14.987   148608276    446165226311353254
122    10.6724    10     14.987   1945926086   634316514152532624
123    10.6724    10     14.987   1181665549   143356512462542136
124    10.6724    10     14.983   1402179901   624421133463565125
125    10.6724    10     14.983   1491158803   636554516232131244
126    10.6724    10     14.980   230958915    512563246436114523
127    10.6724    10     14.977   542812478    543122142645635361
128    10.6724    10     14.967   30445583     165313264214455623
129    10.6724    10     14.967   1584181135   143234112636455256
130    10.6724    10     14.963   1627851823   416336155643122524
131    10.6724    10     14.963   273770107    663121326452351544
132    10.6724    10     14.960   2121401155   343151136654526422
133    10.6724    10     14.957   1959979601   355224541634266113
134    10.6724    10     14.957   1292467121   462436514125326315
135    10.6724    10     14.953   1834193796   531413266246352154
136    10.6724    10     14.953   1279379089   256324114546265313
137    10.6724    10     14.950   1927953207   336611242551443526
138    10.6724    10     14.950   428468009    465524116261533423
139    10.6724    10     14.946   215004514    266311561435534422
140    10.6724    10     14.943   175670055    461324556342316215
141    10.6724    10     14.940   338062569    165441312432556362
142    10.6724    10     14.940   287414789    315512644233241665
143    10.6724    10     14.933   911328787    516334361146422552
144    10.6724    10     14.933   537930670    342664613253524115
145    10.6724    10     14.933   1852073932   162545124665332341
146    10.6724    10     14.923   1006978974   265335114366242541
147    10.6724    10     14.923   1849756204   663346114432515522
148    10.6724    10     14.920   232624460    352644511621324365
149    10.6724    10     14.920   814396965    143134252355646216
150    10.6724    10     14.920   321876423    212646323653441155
151    10.6724    10     14.916   499127299    565246336231141542
152    10.6724    10     14.913   1169280036   615625142653433124
153    10.6724    10     14.910   1757667811   364622152345543161
154    10.6724    10     14.910   1249394039   522311644153266345
155    10.6724    10     14.910   1179745252   315614621334265524
156    10.6724    10     14.910   2064009495   416313234551566224
157    10.6724    10     14.910   1733433175   665544113452632312
158    10.6724    10     14.910   429681787    125413324615264365
159    10.6724    10     14.903   292539974    466412263115532345
160    10.6724    10     14.900   1998738647   564123542615343216
161    10.6724    10     14.900   361482609    313412246155652364
162    10.6724    10     14.893   1099622454   632116145354342526
163    10.6724    10     14.893   101607152    413514466323156225
164    10.6724    10     14.893   1716971453   561344542311635262
165    10.6724    10     14.880   11780489     354416221436326155
166    10.6724    10     14.876   1638083664   315125226356461344
167    10.6724    10     14.873   1490600354   313264412361546255
168    10.6724    10     14.860   1886860968   615346526432354112
169    10.6724    10     14.856   1987089917   166221546313442535
170    10.6724    10     14.853   149670251    312354414636216552
171    10.6724    10     14.853   263951531    165334414263621255
172    10.6724    10     14.846   1610818390   536216526135443124
173    10.6724    10     14.836   1478089547   266312411625354345
174    10.6724    10     14.809   457347983    135114323642546265
175    10.6724    10     14.722   149998930    512316142636445325
176    10.6724    9      15.197   1579766748   526423362511614453
177    10.6724    9      15.191   1713266478   241165522153363446
178    10.6724    9      15.161   1164783617   664265245112313435
179    10.6724    9      15.130   340968032    262113355661254434
180    10.6724    9      15.127   788426473    635253424561462113
181    10.6724    9      15.114   684484953    251624364613355412
182    10.6724    9      15.107   104488310    633522366515411424
183    10.6724    9      15.100   167005536    531621224563465143
184    10.6724    9      15.097   869233301    456525323312464161
185    10.6724    9      15.094   1254694565   533152263612445641
186    10.6724    9      15.090   759653151    251423412645633615
187    10.6724    9      15.087   1367587794   424346655316151223
188    10.6724    9      15.087   1926717883   552566261344214331
189    10.6724    9      15.084   1392892198   215534261632435641
190    10.6724    9      15.084   1246658130   556443361622514123
191    10.6724    9      15.084   550970691    145153462526124336
192    10.6724    9      15.077   481686173    462133653125164245
193    10.6724    9      15.074   500291461    252621611443653354
194    10.6724    9      15.070   1274967035   253226354415646131
195    10.6724    9      15.070   1824347425   236342565351412164
196    10.6724    9      15.070   3947532      121452536423156346
197    10.6724    9      15.067   104011934    231325524146364516
198    10.6724    9      15.064   560743191    256534211441526633
199    10.6724    9      15.064   1658312725   541263552216144336
200    10.6724    9      15.060   369811284    352664225514431361
201    10.6724    9      15.054   1839326553   122633611644253455
202    10.6724    9      15.054   573481460    411254431535636226
203    10.6724    9      15.050   446861515    163542665124145332
204    10.6724    9      15.037   1769679894   523426245143531166
205    10.6724    9      15.033   511262685    212426334661554513
206    10.6724    9      15.033   1464504688   156614245236312543
207    10.6724    9      15.030   1607449545   123416245425136356
208    10.6724    9      15.030   1897814058   616265541214234353
209    10.6724    9      15.023   2141049420   321135466344152562
210    10.6724    9      15.023   669061506    112616254323445653
211    10.6724    9      15.023   1602456516   236313452616255414
212    10.6724    9      15.020   1988079564   344143652316621255
213    10.6724    9      15.017   2046795559   341316145532542662
214    10.6724    9      15.017   1285793580   513664215624532341
215    10.6724    9      15.017   35487070     451326336554162142
216    10.6724    9      15.017   2070662098   311514254324635626
217    10.6724    9      15.013   1427109893   152532416513426463
218    10.6724    9      15.007   2013616383   312411534432665625
219    10.6724    9      15.007   926880679    416243156553426321
220    10.6724    9      15.007   629396225    553366221654142431
221    10.6724    9      15.003   1159237786   636432253441651152
222    10.6724    9      15.000   397532072    442122653315566143
223    10.6724    9      15.000   213664249    113621523566443254
224    10.6724    9      14.993   1765152796   523126346144356215
225    10.6724    9      14.993   638063312    552366135462243114
226    10.6724    9      14.990   1408056969   552341162463251364
227    10.6724    9      14.990   601167884    452443166556321123
228    10.6724    9      14.987   813971855    361214135532645246
229    10.6724    9      14.987   1029049480   321654112634645523
230    10.6724    9      14.987   2093978973   562411336432614552
231    10.6724    9      14.980   1768236641   326455236315424161
232    10.6724    9      14.980   1680228871   145162431352256364
233    10.6724    9      14.980   1753898631   114533461656235242
234    10.6724    9      14.977   1448035545   356651124234145326
235    10.6724    9      14.977   781626940    456412426253133516
236    10.6724    9      14.973   65781916     262124363314155465
237    10.6724    9      14.973   1940600427   266341244535231516
238    10.6724    9      14.973   1652965824   634132153614654522
239    10.6724    9      14.967   1418945964   661342453162541523
240    10.6724    9      14.967   2045621310   345641526225143316
241    10.6724    9      14.963   1399730712   163132644554152362
242    10.6724    9      14.963   123342727    526211244135336564
243    10.6724    9      14.960   1502749894   623146342215645135
244    10.6724    9      14.960   1779452740   164654212326345531
245    10.6724    9      14.950   1731852127   315513224341662546
246    10.6724    9      14.950   904479798    664353246115523412
247    10.6724    9      14.943   804551191    623221533516446145
248    10.6724    9      14.943   1590563596   616323641154245253
249    10.6724    9      14.943   1214367036   315364511256624432
250    10.6724    9      14.940   312084839    116456242231346553
251    10.6724    9      14.940   1379557130   663352516415421234
252    10.6724    9      14.936   717420996    552446426321133156
253    10.6724    9      14.933   1551912435   365535214461124326
254    10.6724    9      14.933   1884792763   432416426253511365
255    10.6724    9      14.933   1461669841   114654212645633235
256    10.6724    9      14.930   1610914858   235524214413156366
257    10.6724    9      14.926   1493127719   662124263441315535
258    10.6724    9      14.926   474973627    311442662363541525
259    10.6724    9      14.923   920044209    545344211561363262
260    10.6724    9      14.916   316540104    362242565335141164
261    10.6724    9      14.916   1685096492   652514136215326443
262    10.6724    9      14.913   787018258    366432126315525441
263    10.6724    9      14.913   707246905    525321416264356134
264    10.6724    9      14.906   36040666     545214113366253264
265    10.6724    9      14.900   1972690310   311322462634154565
266    10.6724    9      14.896   767578285    326234216641514535
267    10.6724    9      14.890   957461573    613316442554362152
268    10.6724    9      14.876   1456279591   552126446343351162
269    10.6724    9      14.873   514267840    146122541656353324
270    10.6724    9      14.849   1659325075   536644163351542122
271    10.6724    9      14.849   482435308    665124631345352142
272    10.6724    9      14.846   1240237055   336144266532541152
273    10.6724    9      14.843   1885054302   113364224546355126
274    10.6724    9      14.803   335622973    361334211256645524
275    10.6724    8      15.130   178427009    224536613155123464
276    10.6724    8      15.130   160294929    146562433123615425
277    10.6724    8      15.117   110937451    345562431426611523
278    10.6724    8      15.084   98542748     553562634216441231
279    10.6724    8      15.080   1269565709   223542634416551361
280    10.6724    8      15.064   1461158572   665243325541312164
281    10.6724    8      15.064   256369868    221346643115623554
282    10.6724    8      15.037   1842472356   515544621233426613
283    10.6724    8      15.020   647829543    141632335645546212
284    10.6724    8      15.003   295392512    124215432655631346
285    10.6724    8      14.973   1998517188   165544131224363256
286    10.6724    8      14.967   1631612141   664152426145532331
287    10.6724    8      14.943   1103822416   564315332651621244
288    10.6724    8      14.943   1027497356   112662334365544215
289    10.6724    8      14.940   1930324397   344353611656252124
290    10.6724    8      14.926   637076057    535414421663226513
291    10.6724    8      14.920   1890955968   214354131656452326
292    10.6724    8      14.896   1050250254   664322556141531342
293    10.6724    8      14.880   1838640026   665364221541352314
294    10.6724    8      14.856   599542309    562344131254266153
295    10.6724    7      15.164   1913506084   621551653242364143
296    10.6724    7      15.010   449924171    521531656264344123
297    10.6724    7      14.997   1533073431   116443356321254526
298    10.6724    7      14.946   1249241796   112445356236154326
299    10.6724    7      14.930   726380342    135662414634223155
300    10.6724    7      14.809   1606319412   615362416334225145

