--- Top 64 unique unconstrained sequences by I score (L=3, k=4) ---
Rank   I          minHD  meanHD   seed         sequence
1      2.5850     1      2.286    714564557    321
2      2.5850     1      2.286    1854377382   431
3      2.5850     1      2.286    2125900610   412
4      2.5850     1      2.286    300454970    432
5      2.5850     1      2.286    243269009    324
6      2.5850     1      2.286    1205620645   423
7      2.5850     1      2.286    775278126    124
8      2.5850     1      2.286    1200013647   134
9      2.5850     1      2.286    1984137345   341
10     2.5850     1      2.286    1554132153   213
11     2.5850     1      2.286    2094740567   231
12     2.5850     1      2.286    1139404491   234
13     2.5850     1      2.286    1678739447   342
14     2.5850     1      2.286    372795452    241
15     2.5850     1      2.286    1607044734   132
16     2.5850     1      2.286    1518693966   243
17     2.5850     1      2.286    1279489082   143
18     2.5850     1      2.286    1902321      413
19     2.5850     1      2.286    1497564618   314
20     2.5850     1      2.286    1123060156   123
21     2.5850     1      2.286    1313554080   312
22     2.5850     1      2.286    1276228562   214
23     2.5850     1      2.286    1725440594   421
24     2.5850     1      2.286    823013532    142
25     1.9183     1      2.286    1116446638   313
26     1.9183     1      2.286    149237120    344
27     1.9183     1      2.286    555958654    144
28     1.9183     1      2.286    544157236    244
29     1.9183     1      2.286    268187068    441
30     1.9183     1      2.286    83527867     422
31     1.9183     1      2.286    6770165      223
32     1.9183     1      2.286    1269604462   443
33     1.9183     1      2.286    773211277    233
34     1.9183     1      2.286    540276959    323
35     1.9183     1      2.286    1776884355   122
36     1.9183     1      2.286    260192720    424
37     1.9183     1      2.286    187546074    343
38     1.9183     1      2.286    1956433604   121
39     1.9183     1      2.286    1065903810   224
40     1.9183     1      2.286    2139173591   334
41     1.9183     1      2.286    1272865149   133
42     1.9183     1      2.286    22779891     242
43     1.9183     1      2.286    1512430244   433
44     1.9183     1      2.286    660788027    411
45     1.9183     1      2.286    1686782403   322
46     1.9183     1      2.286    465957231    211
47     1.9183     1      2.286    919896120    112
48     1.9183     1      2.286    1203939831   131
49     1.9183     1      2.286    209403875    232
50     1.9183     1      2.286    920962322    212
51     1.9183     1      2.286    583847029    332
52     1.9183     1      2.286    1705037278   331
53     1.9183     1      2.286    1813921834   221
54     1.9183     1      2.286    821194455    414
55     1.9183     1      2.286    1598008306   434
56     1.9183     1      2.286    1950508844   141
57     1.9183     1      2.286    1052556479   113
58     1.9183     1      2.286    41301939     311
59     1.9183     1      2.286    358144468    442
60     1.9183     1      2.286    788071772    114
61     0.0000     1      2.286    1416357094   333
62     0.0000     1      2.286    1648804530   222
63     0.0000     1      2.286    149087959    111
64     0.0000     1      2.286    972208845    444

