--- Top 100 unique unconstrained sequences by I score (L=4, k=4) ---
Rank   I          seed         sequence
1      4.5850     300454970    4321
2      4.5850     775278126    1243
3      4.5850     29982039     4123
4      4.5850     54132702     1342
5      4.5850     586755534    2134
6      4.5850     372795452    2413
7      4.5850     1607044734   1324
8      4.5850     1279489082   1432
9      4.5850     1123060156   1234
10     4.5850     557749532    4132
11     4.5850     1513764302   3421
12     4.5850     1725440594   4213
13     4.5850     687758095    2341
14     4.5850     1859711178   2143
15     4.5850     749603788    2314
16     4.5850     1016037323   3142
17     4.5850     435064471    1423
18     4.5850     1715760947   2431
19     4.5850     380162261    3241
20     4.5850     599603236    3124
21     4.5850     1267889894   3214
22     4.5850     1700755012   4231
23     4.5850     1043042975   3412
24     4.5850     935116178    4312
25     4.0850     714564557    3213
26     4.0850     1116446638   3132
27     4.0850     1854377382   4313
28     4.0850     555958654    1443
29     4.0850     268187068    4412
30     4.0850     6770165      2231
31     4.0850     1269604462   4431
32     4.0850     2125900610   4121
33     4.0850     243269009    3243
34     4.0850     773211277    2331
35     4.0850     1205620645   4232
36     4.0850     1669785120   4233
37     4.0850     540276959    3234
38     4.0850     1200013647   1341
39     4.0850     1016735735   3231
40     4.0850     1984137345   3414
41     4.0850     647846009    1241
42     4.0850     1065903810   2241
43     4.0850     1554132153   2131
44     4.0850     1112582051   4221
45     4.0850     661609924    4241
46     4.0850     1272865149   1334
47     4.0850     1122767563   1244
48     4.0850     2094740567   2313
49     4.0850     1272705448   2311
50     4.0850     1512430244   4331
51     4.0850     1139404491   2343
52     4.0850     660788027    4113
53     4.0850     488014511    4223
54     4.0850     1678739447   3422
55     4.0850     560892450    1323
56     4.0850     1518693966   2432
57     4.0850     644433200    1442
58     4.0850     1902321      4131
59     4.0850     919896120    1123
60     4.0850     1497564618   3141
61     4.0850     1203939831   1314
62     4.0850     251286492    2414
63     4.0850     1160382256   3442
64     4.0850     572583404    2113
65     4.0850     1313554080   3123
66     4.0850     86726161     1231
67     4.0850     29537653     1321
68     4.0850     14525719     1214
69     4.0850     1203824736   2434
70     4.0850     920962322    2123
71     4.0850     1102065969   2441
72     4.0850     908585738    1344
73     4.0850     583847029    3321
74     4.0850     1529619387   3431
75     4.0850     1705037278   3314
76     4.0850     1824432863   1213
77     4.0850     1437661421   3424
78     4.0850     1289032536   2321
79     4.0850     966220303    3242
80     4.0850     1061502821   2344
81     4.0850     919960933    4133
82     4.0850     1538237048   2234
83     4.0850     932162846    3221
84     4.0850     117245129    1242
85     4.0850     1356782945   2324
86     4.0850     1813921834   2214
87     4.0850     1276228562   2141
88     4.0850     821194455    4142
89     4.0850     900512575    1312
90     4.0850     503879995    3342
91     4.0850     1497648602   1343
92     4.0850     1260406203   3413
93     4.0850     67284058     2342
94     4.0850     558212229    2132
95     4.0850     651934957    3244
96     4.0850     1598008306   4341
97     4.0850     389653404    4212
98     4.0850     497464202    4214
99     4.0850     789515594    4122
100    4.0850     41301939     3114

--- Top 24 unique constrained sequences by I score (L=4, k=4) ---
Rank   I          seed         sequence
1      4.5850     1731852127   1324
2      4.5850     1096795017   4132
3      4.5850     1459135495   1243
4      4.5850     1605135034   1342
5      4.5850     283734688    3124
6      4.5850     451898186    3241
7      4.5850     912274105    1432
8      4.5850     1423594373   1423
9      4.5850     1133637177   4123
10     4.5850     1125144759   3142
11     4.5850     2041553904   2134
12     4.5850     1237781794   2314
13     4.5850     1359690390   4213
14     4.5850     750241858    2341
15     4.5850     2110367060   2413
16     4.5850     535352773    2431
17     4.5850     1151955445   2143
18     4.5850     1002938051   3214
19     4.5850     407179251    3412
20     4.5850     191732889    4312
21     4.5850     1354187824   4231
22     4.5850     1614063695   1234
23     4.5850     814525379    3421
24     4.5850     552896286    4321

