--- Top 300 unique unconstrained sequences by I score (L=16, k=4) ---
Rank   I          minHD  meanHD   seed         sequence
1      9.7142     7      12.120   69436835     2131143241233442
2      9.7142     7      12.087   522412022    4433411232422131
3      9.7142     7      11.829   1321234628   3144124332234211
4      9.7142     6      12.114   1530960763   4143233122113442
5      9.7142     6      12.057   1527931353   4323122441133421
6      9.7142     6      11.933   144705556    1131422324433412
7      9.6915     8      11.977   1878364403   1242314334411321
8      9.6915     7      12.097   828723006    1132312142433441
9      9.6915     7      12.094   447853398    4233244121134314
10     9.6915     7      12.067   1472527403   3411421233132243
11     9.6915     6      12.074   956502925    1334424123211431
12     9.6915     6      11.973   601155638    3214423431224133
13     9.6915     6      11.946   1763742327   1311412432234421
14     9.6915     6      11.829   1562594787   2242314332134112
15     9.6915     5      12.144   1696458250   4313323411421244
16     9.6915     5      11.900   2083776786   2242113412314432
17     9.5809     8      12.027   668252847    3134114332422124
18     9.5809     8      11.940   1678096132   1142432331344212
19     9.5809     7      12.144   1864224285   2141231133242443
20     9.5809     7      12.110   1762403133   1334431424221123
21     9.5809     7      12.084   1068537015   1141334323442122
22     9.5809     7      12.040   904923189    2412233134114432
23     9.5809     7      11.997   407233167    2234413331211424
24     9.5809     7      11.973   510742660    3421144133124232
25     9.5809     7      11.957   1418843640   3322434123114214
26     9.5809     7      11.946   1848796980   3344231141224213
27     9.5809     7      11.913   130537327    2432231443411213
28     9.5809     7      11.729   300029308    2434412423313211
29     9.5809     6      12.094   1155475520   2242334313144121
30     9.5809     6      12.087   1761793105   4324123312113442
31     9.5809     6      12.067   1052359127   1412132443142233
32     9.5809     6      12.060   1689025771   4413124332231142
33     9.5809     6      12.054   693938089    3344143112321224
34     9.5809     6      12.007   1599545646   4314411222133423
35     9.5809     6      12.003   850020374    4433122142323411
36     9.5809     6      12.000   2079411427   2413233422113144
37     9.5809     6      11.987   1976020035   3242233441411312
38     9.5809     6      11.977   77277631     3244142331211342
39     9.5809     6      11.973   1860130957   4112413433223142
40     9.5809     6      11.963   1809327932   3422114312133244
41     9.5809     6      11.900   159122311    3244134311214232
42     9.5809     6      11.893   1111981239   4342441322113123
43     9.5809     6      11.866   678801604    2421441343211233
44     9.5809     6      11.843   1026105280   3341442432231112
45     9.5809     5      12.114   421738586    4133442211324312
46     9.5809     5      11.983   114115253    3231344311242214
47     9.5809     5      11.920   1310464167   1431234433224211
48     9.5809     5      11.903   1862746569   4341442331122213
49     9.5809     5      11.853   1677620624   1244341142313223
50     9.5809     5      11.783   1138953151   4224144333213112
51     9.5809     4      11.796   1897883050   2324414342213113
52     9.5581     8      12.328   1646131468   3133433211241422
53     9.5581     8      12.184   313468554    2423313214412343
54     9.5581     8      12.100   1501784022   4421132242331434
55     9.5581     8      12.097   1438410877   3231443341321122
56     9.5581     8      12.097   1984927447   4323112221334244
57     9.5581     8      12.077   1085741306   1331112214243234
58     9.5581     8      12.054   1499797439   1214243114413322
59     9.5581     8      12.043   969779139    4243211444122331
60     9.5581     8      12.033   714594021    1143442233224121
61     9.5581     8      12.023   58020641     2232414443121134
62     9.5581     8      12.023   1331060546   1442234131214324
63     9.5581     8      11.990   91536148     2344214313221241
64     9.5581     8      11.973   774365266    3114123422413321
65     9.5581     8      11.943   176355472    1234214433113324
66     9.5581     8      11.936   70699113     3112342143133224
67     9.5581     8      11.936   652539114    3343412144223132
68     9.5581     8      11.900   743690089    2443322313422114
69     9.5581     7      12.207   1457322639   4431424212341132
70     9.5581     7      12.194   186800573    4221331341144323
71     9.5581     7      12.174   1221167374   3423343132441121
72     9.5581     7      12.171   966713649    4422233243114121
73     9.5581     7      12.171   558901388    4233134321244122
74     9.5581     7      12.147   356389876    2333224312144134
75     9.5581     7      12.144   504098037    4232221141344312
76     9.5581     7      12.144   83663333     4114232213344313
77     9.5581     7      12.127   419414244    3141224211344433
78     9.5581     7      12.124   1035019099   1331444234122432
79     9.5581     7      12.117   476445506    2431122334421441
80     9.5581     7      12.114   1479001438   2312132241434423
81     9.5581     7      12.104   446840206    4331421341232243
82     9.5581     7      12.104   264841170    3314223241112134
83     9.5581     7      12.104   63644663     1421231413243344
84     9.5581     7      12.100   208075190    3121322334441424
85     9.5581     7      12.097   2090934481   4424321143122334
86     9.5581     7      12.094   210077025    1421224333231341
87     9.5581     7      12.090   775994864    2233341132443142
88     9.5581     7      12.087   1823544199   1211343142322244
89     9.5581     7      12.084   1695808871   4433231421311241
90     9.5581     7      12.074   530810927    2131232414434223
91     9.5581     7      12.074   1806791666   3423114213324122
92     9.5581     7      12.074   1831337200   1432213124411233
93     9.5581     7      12.060   176383779    1332131123424414
94     9.5581     7      12.057   401376979    1321124422314342
95     9.5581     7      12.050   55673762     4222123341311432
96     9.5581     7      12.050   1137676523   2142133231224434
97     9.5581     7      12.047   1837552984   2133344142431232
98     9.5581     7      12.047   990090117    1134112443231422
99     9.5581     7      12.043   1617711115   3413343244221231
100    9.5581     7      12.040   295949214    3142113343241222
101    9.5581     7      12.037   811145495    3422321431124144
102    9.5581     7      12.037   1768728385   1432242314112134
103    9.5581     7      12.030   704432459    1443212422341333
104    9.5581     7      12.027   937323628    2141334124432311
105    9.5581     7      12.027   1944646584   2423221412344311
106    9.5581     7      12.020   2006150061   4241134321412331
107    9.5581     7      12.013   253005249    2314134244432211
108    9.5581     7      12.007   61421255     4413432214233312
109    9.5581     7      12.003   1143746453   1224421334143311
110    9.5581     7      11.997   2047006042   3424413314311221
111    9.5581     7      11.997   1346116758   3242211131434123
112    9.5581     7      11.997   528977836    1144342122411332
113    9.5581     7      11.993   321227609    1333244142312211
114    9.5581     7      11.993   799397023    2414211312232443
115    9.5581     7      11.987   91037325     4413412322421433
116    9.5581     7      11.980   809404651    4212411314332223
117    9.5581     7      11.977   846481635    1221144243133413
118    9.5581     7      11.977   1951320482   4123211424343313
119    9.5581     7      11.973   1366493805   3321441344312242
120    9.5581     7      11.973   279770097    4234312133224111
121    9.5581     7      11.970   1040842978   2242133234314113
122    9.5581     7      11.967   1311688322   3344143242312111
123    9.5581     7      11.963   1618045191   1144234312133222
124    9.5581     7      11.963   1066618406   3332214412423431
125    9.5581     7      11.960   958225034    2244321413331123
126    9.5581     7      11.950   706495375    2421141321234331
127    9.5581     7      11.950   201167548    1223241331433421
128    9.5581     7      11.950   1936451304   2122343324214131
129    9.5581     7      11.946   1626125815   3224344122114233
130    9.5581     7      11.940   732454421    3223341443112134
131    9.5581     7      11.936   2079267677   1134314412213242
132    9.5581     7      11.926   910025798    3242112344134314
133    9.5581     7      11.916   374450602    4112322421343114
134    9.5581     7      11.913   1947536794   4421324411223314
135    9.5581     7      11.910   1788330652   4322442343312113
136    9.5581     7      11.903   1689313836   3432442312214111
137    9.5581     7      11.883   1988615751   1412311332424434
138    9.5581     7      11.870   1269624436   2143341124223231
139    9.5581     7      11.819   1990567586   2431141332334212
140    9.5581     7      11.816   337255334    1314124334223212
141    9.5581     7      11.809   1103185560   3312324422113412
142    9.5581     7      11.766   161150908    3312311434213224
143    9.5581     7      11.756   1158950330   2412242343213314
144    9.5581     7      11.746   1374066386   3441241423133211
145    9.5581     6      12.241   1534222967   1321223142443342
146    9.5581     6      12.201   1392305162   4234324221141312
147    9.5581     6      12.161   956154526    4411243222331342
148    9.5581     6      12.140   772748307    3224433113412423
149    9.5581     6      12.140   1045744980   3341243212231442
150    9.5581     6      12.130   1595554670   2123431322421441
151    9.5581     6      12.120   589811963    2122132423143344
152    9.5581     6      12.114   1502143217   2113242344122143
153    9.5581     6      12.114   2023757703   1121422343241133
154    9.5581     6      12.104   1642349984   2443122142311341
155    9.5581     6      12.097   1483943846   3243441112131423
156    9.5581     6      12.090   722800821    1411342123144332
157    9.5581     6      12.087   1371493600   3142213233431241
158    9.5581     6      12.080   2130232226   4344212241133143
159    9.5581     6      12.077   1879910548   3424333212231411
160    9.5581     6      12.067   927366217    4312214233443241
161    9.5581     6      12.067   907232438    2244234321141311
162    9.5581     6      12.064   2098317450   1341124331321442
163    9.5581     6      12.060   2085225914   2144331122134241
164    9.5581     6      12.054   1751154725   3123324421134122
165    9.5581     6      12.047   408918504    1144134221223243
166    9.5581     6      12.043   1357307558   1343324122211423
167    9.5581     6      12.033   1222933173   3144241232211344
168    9.5581     6      12.033   316829430    2123441314422433
169    9.5581     6      12.023   743816363    1413311244322134
170    9.5581     6      12.023   181851402    3344124322331142
171    9.5581     6      12.023   686895667    2133242231414434
172    9.5581     6      12.023   2088172350   3341122423231443
173    9.5581     6      12.020   1632617973   2244331132142234
174    9.5581     6      12.017   2131763668   3133223412443214
175    9.5581     6      12.017   1443174422   4332442341131211
176    9.5581     6      12.007   454728475    1311234414324233
177    9.5581     6      12.007   279289927    2412311443321343
178    9.5581     6      12.003   1643357486   2311334322144112
179    9.5581     6      12.003   954571364    3442114131232241
180    9.5581     6      12.000   1149597666   3114222134412432
181    9.5581     6      12.000   595394749    1223113432414422
182    9.5581     6      12.000   1738613501   1411313443322423
183    9.5581     6      12.000   1946109457   1234424221413311
184    9.5581     6      11.993   1782933466   2122314413343324
185    9.5581     6      11.980   68221450     1423411221313324
186    9.5581     6      11.980   402023216    1342332244331214
187    9.5581     6      11.977   666370979    2441324214331234
188    9.5581     6      11.973   1780513291   4211413443312332
189    9.5581     6      11.970   512120094    1224131423432113
190    9.5581     6      11.970   1402337000   4231421334324411
191    9.5581     6      11.967   255646950    2341121324221433
192    9.5581     6      11.963   402671584    2313341211423224
193    9.5581     6      11.960   154818869    2344131233242214
194    9.5581     6      11.957   1120773672   1322431411214234
195    9.5581     6      11.946   320405575    2422141233432113
196    9.5581     6      11.936   1186841102   3441143421331224
197    9.5581     6      11.933   720342902    4113312442432234
198    9.5581     6      11.933   891256103    1413244343112233
199    9.5581     6      11.933   1968688374   3132242314433411
200    9.5581     6      11.926   1923001465   1114124421323433
201    9.5581     6      11.923   1760080621   2231132421433411
202    9.5581     6      11.923   1123799328   3442112431323341
203    9.5581     6      11.916   1025428425   4322411331214223
204    9.5581     6      11.913   1613330633   4223212341433113
205    9.5581     6      11.906   647869999    2322144412433134
206    9.5581     6      11.900   686998323    2112342414433131
207    9.5581     6      11.896   194354392    1221432442233411
208    9.5581     6      11.849   330685652    4313314421223411
209    9.5581     6      11.836   1650213448   2344241112213314
210    9.5581     6      11.833   1963100001   4244113433232214
211    9.5581     6      11.829   1188773047   1414211243313234
212    9.5581     6      11.766   455019105    3242214431333411
213    9.5581     5      12.184   497017661    4421223141343323
214    9.5581     5      12.177   1023415395   1313423211412244
215    9.5581     5      12.117   2119005175   2434213122332144
216    9.5581     5      12.110   1974447312   4421223133414323
217    9.5581     5      12.104   1624165758   4434233124322114
218    9.5581     5      12.104   2018971198   1243313241442234
219    9.5581     5      12.104   1528394504   2133441214322311
220    9.5581     5      12.023   1735878077   1211423224433313
221    9.5581     5      12.013   996333901    2233442112414314
222    9.5581     5      12.003   1148468001   1224331141213423
223    9.5581     5      11.967   1759718220   3141344321244223
224    9.5581     5      11.963   1459168801   2311342414322133
225    9.5581     5      11.960   1916230860   3121144334243223
226    9.5581     5      11.946   1353735823   4224144133211234
227    9.5581     5      11.930   188875042    4412341424322133
228    9.5581     5      11.920   1861712804   1141213424433132
229    9.5581     5      11.920   1646358226   2211423424433132
230    9.5581     5      11.920   274876370    2324114442133431
231    9.5581     5      11.890   399121699    4411311421223243
232    9.5581     5      11.886   1416171537   3223344311324214
233    9.5581     5      11.883   1075329011   4344142331224113
234    9.5581     5      11.866   1091661428   2422344113312214
235    9.5581     5      11.836   1692867921   4213411431223233
236    9.5581     5      11.816   2012207926   3214412334313422
237    9.5581     5      11.803   2112173984   4214411334323112
238    9.5581     5      11.793   2136106950   2241113443314212
239    9.5581     5      11.659   417489701    1244341423313214
240    9.5581     4      12.074   109221736    1142443412122332
241    9.5581     4      12.064   1375080830   2142443112322334
242    9.5581     4      11.863   792298113    2324114342113312
243    9.5581     3      11.953   1024411737   2141324434231124
244    9.5581     3      11.906   1414181992   1141324434233123
245    9.5353     7      12.151   1072794116   4134432122231424
246    9.5353     7      12.074   2102925126   3344132124342314
247    9.5353     7      12.023   2067335215   2211334233124432
248    9.5353     7      12.003   722921636    1343312144114224
249    9.5353     7      11.950   206093927    2114132243423112
250    9.5353     7      11.849   570320935    4114244332233134
251    9.5353     7      11.793   108167904    3342311322443212
252    9.5353     6      12.151   1604349758   3311231324342141
253    9.5353     6      12.151   1553278951   2321134224312141
254    9.5353     6      12.043   1629599947   2143322344112442
255    9.5353     6      12.013   933549526    3442134314123324
256    9.5353     6      12.010   4076319      4313212234422414
257    9.5353     6      12.010   36356948     2334122421432313
258    9.5353     6      12.000   358914904    2113422332312443
259    9.5353     6      11.957   322848012    3214313233422412
260    9.5353     6      11.936   514139452    1443421411323124
261    9.5353     6      11.930   1974669992   1441221334424311
262    9.5353     6      11.863   702523955    3311422324413434
263    9.5353     5      11.873   1989689652   1411334433212231
264    9.5172     7      12.164   1624064620   4432442213141234
265    9.5172     7      11.943   1907950318   2431221413323422
266    9.5172     6      12.197   1444587608   2413123222143342
267    9.5172     6      11.993   786630622    4213312244434114
268    9.5172     6      11.980   524879621    3324431214233413
269    9.5172     6      11.970   2122445511   3214113343312423
270    9.5172     6      11.970   705123008    2112413423143222
271    9.5172     6      11.819   1498265579   3342322443311213
272    9.4476     8      11.946   1413989397   1422411133443232
273    9.4476     7      12.171   1140486277   3231141234244321
274    9.4476     7      12.147   1882167670   1214132234332441
275    9.4476     7      12.130   1981367330   4433213123242411
276    9.4476     7      12.070   9645016      3412322113244431
277    9.4476     7      12.070   4529037      3112323144224134
278    9.4476     7      12.033   1696214599   4223121331414324
279    9.4476     7      12.020   1693785420   3311422423441312
280    9.4476     7      11.977   544144792    2434411421123323
281    9.4476     7      11.943   1343734881   4313321422314124
282    9.4476     7      11.940   2062353475   2212441134243313
283    9.4476     7      11.903   2075058642   4124421433311232
284    9.4476     7      11.903   294266942    4143221134233412
285    9.4476     6      12.137   1151391678   3123343224144112
286    9.4476     6      12.043   74496547     3112243423324141
287    9.4476     6      12.040   640942154    4321442241133132
288    9.4476     6      12.033   731817270    2243214112134433
289    9.4476     6      12.030   1811921303   3112211434442332
290    9.4476     6      12.023   1290905667   1342331441322421
291    9.4476     6      12.013   1392139843   3112431423344221
292    9.4476     6      11.987   698293928    4422432143133112
293    9.4476     6      11.963   2106760419   2233243314414211
294    9.4476     6      11.930   1586093786   3224213343411412
295    9.4476     6      11.923   607272635    2242412133114433
296    9.4476     6      11.890   462450924    1441342422123331
297    9.4476     6      11.876   1403341648   3412321443322411
298    9.4476     5      12.234   276530235    1133243211442234
299    9.4476     5      12.110   634907433    4234432112412313
300    9.4476     5      11.926   2120640317   2424344133311221

--- Top 300 unique constrained sequences by I score (L=16, k=4) ---
Rank   I          minHD  meanHD   seed         sequence
1      9.7142     8      12.288   1469464093   2443233141211342
2      9.7142     8      12.194   1693515040   1312332242144341
3      9.7142     8      12.177   771149859    3312422114413432
4      9.7142     8      12.080   1231172088   4133114422343212
5      9.7142     8      12.067   1086563791   3213341224431142
6      9.7142     8      12.050   1729270489   1434224412113233
7      9.7142     8      12.000   870877802    3112233414244321
8      9.7142     8      11.936   1955228669   3224144312113342
9      9.7142     8      11.863   1882964882   2211233134424143
10     9.7142     7      12.355   941085279    4313321411234224
11     9.7142     7      12.301   779831797    2313342243211441
12     9.7142     7      12.241   515711571    2311432441334221
13     9.7142     7      12.234   622911827    3321311422341244
14     9.7142     7      12.224   876230051    2113344143231224
15     9.7142     7      12.221   1216706972   2212331144341324
16     9.7142     7      12.201   1664889933   3441321124331422
17     9.7142     7      12.201   719430472    1411223443133242
18     9.7142     7      12.197   452986769    2332421411344312
19     9.7142     7      12.181   1279736363   1331221432344241
20     9.7142     7      12.174   799699186    1123313243414422
21     9.7142     7      12.167   1905304121   2324312113341442
22     9.7142     7      12.147   1904210113   3341432244213112
23     9.7142     7      12.134   1247228373   2243113441214233
24     9.7142     7      12.134   858676733    2234331141324421
25     9.7142     7      12.134   1783691951   1332231121424344
26     9.7142     7      12.127   529728846    3411314332244212
27     9.7142     7      12.124   767638702    2143311323441242
28     9.7142     7      12.117   136739937    1144131242343322
29     9.7142     7      12.107   281714202    2241314434233211
30     9.7142     7      12.104   1748779522   4314422132334112
31     9.7142     7      12.104   931914819    3112242144334132
32     9.7142     7      12.100   500713479    2441343212331142
33     9.7142     7      12.100   342006576    4213341143122324
34     9.7142     7      12.097   154906364    1443423312211324
35     9.7142     7      12.097   1558591292   2342113143322441
36     9.7142     7      12.094   1499426826   2122414432311334
37     9.7142     7      12.090   940182167    3323142112243441
38     9.7142     7      12.090   685442387    2242132311433441
39     9.7142     7      12.087   1467617492   3114232212433441
40     9.7142     7      12.080   219495036    2332213112434144
41     9.7142     7      12.080   1096792057   3144211241322334
42     9.7142     7      12.080   848761157    1432442231133412
43     9.7142     7      12.077   1597598814   3424431411232213
44     9.7142     7      12.074   811904355    2312441343322114
45     9.7142     7      12.070   1667637747   2212433411323144
46     9.7142     7      12.067   1098020318   2324334131442211
47     9.7142     7      12.067   21627029     4413112343322142
48     9.7142     7      12.043   1372367899   4411223242143313
49     9.7142     7      12.040   1476626244   1311443422332124
50     9.7142     7      12.037   1939604577   3144341124232213
51     9.7142     7      12.037   1092169329   2133441243114232
52     9.7142     7      12.033   1261410810   2334122142443113
53     9.7142     7      12.033   248038214    1231324422143341
54     9.7142     7      12.030   1520735460   4231343322411214
55     9.7142     7      12.027   1487583761   3144121133223424
56     9.7142     7      12.027   126800523    2344241314332211
57     9.7142     7      12.027   1937004581   1331434412322421
58     9.7142     7      12.023   1133019111   1123144134332242
59     9.7142     7      12.020   30655517     4322124113423314
60     9.7142     7      12.017   32121545     4142124431132233
61     9.7142     7      12.017   757047059    3221134144231243
62     9.7142     7      12.013   900548024    1432242313344112
63     9.7142     7      12.013   1750264009   2244213343231411
64     9.7142     7      12.010   1752581846   3231412244334211
65     9.7142     7      12.000   1397266526   2313411422124433
66     9.7142     7      12.000   858969705    1121424432233134
67     9.7142     7      11.993   400185781    2133431122324144
68     9.7142     7      11.990   687088730    4233431322112441
69     9.7142     7      11.990   35491842     1231434221133244
70     9.7142     7      11.987   1360150345   1233443132114224
71     9.7142     7      11.987   1953039627   2433442232113141
72     9.7142     7      11.980   211252426    4431211322423341
73     9.7142     7      11.977   333610480    2422344114332131
74     9.7142     7      11.973   484930383    1411343233124422
75     9.7142     7      11.967   1683829930   1213244223341431
76     9.7142     7      11.967   1038870467   2134312233244114
77     9.7142     7      11.967   986715333    4321442233112413
78     9.7142     7      11.967   1637029728   1323344314221124
79     9.7142     7      11.957   2133724590   4244122131143323
80     9.7142     7      11.953   1563663371   4231121344143322
81     9.7142     7      11.953   1133054644   3441214233224311
82     9.7142     7      11.946   923160765    2214424311341233
83     9.7142     7      11.943   64282992     4414234331221132
84     9.7142     7      11.943   128138669    1242233114432134
85     9.7142     7      11.940   794840523    4243133234112214
86     9.7142     7      11.940   1144966883   4331242322134114
87     9.7142     7      11.936   253646917    4423433114132212
88     9.7142     7      11.936   398006695    2244341423321131
89     9.7142     7      11.933   1178476769   4221323314112434
90     9.7142     7      11.933   1900886599   2441131433422123
91     9.7142     7      11.930   1543549474   2441434211322331
92     9.7142     7      11.926   1226863805   1214241344322331
93     9.7142     7      11.923   243394886    2114434131224233
94     9.7142     7      11.920   158892576    1123424313322144
95     9.7142     7      11.906   243071809    2213144334112423
96     9.7142     7      11.906   1640318119   4344133224211231
97     9.7142     7      11.906   858192100    4221413112443323
98     9.7142     7      11.903   331546894    2114133422443231
99     9.7142     7      11.900   1934432102   4431141323342122
100    9.7142     7      11.896   1281615156   3141133223421244
101    9.7142     7      11.893   1216991624   1224414213233431
102    9.7142     7      11.890   2078496363   1424121322344331
103    9.7142     7      11.883   1065733456   3121144223243413
104    9.7142     7      11.880   1585674859   4434113321223142
105    9.7142     7      11.876   703999737    2211242344143133
106    9.7142     7      11.863   1268952106   4421131434122332
107    9.7142     7      11.856   2091302283   4311413324421223
108    9.7142     7      11.856   1978349901   1324223344121143
109    9.7142     7      11.856   1675107331   3423113322124414
110    9.7142     7      11.856   911483179    1144133212422343
111    9.7142     7      11.853   757973834    1224423343132114
112    9.7142     7      11.846   1808121004   1234421433224131
113    9.7142     7      11.843   1469211034   4422112334143132
114    9.7142     7      11.836   1074780043   1244134223321143
115    9.7142     7      11.836   911042157    1134142324433122
116    9.7142     7      11.836   881619637    4213433223141124
117    9.7142     7      11.833   1770705283   2322144331124134
118    9.7142     7      11.826   1406684309   2243413323144211
119    9.7142     7      11.823   1752589890   4231143321224413
120    9.7142     7      11.803   2131227200   4321144224131233
121    9.7142     7      11.789   637120438    3224211234144331
122    9.7142     7      11.776   740580075    1214133234224431
123    9.7142     7      11.773   1708558231   1143244234122133
124    9.7142     7      11.773   1158302336   4122432314421133
125    9.7142     6      12.288   597754679    4312233442413211
126    9.7142     6      12.191   412526030    1322114342331244
127    9.7142     6      12.187   2026339674   3422331121324414
128    9.7142     6      12.184   625900062    3322123442413114
129    9.7142     6      12.181   1100543360   3122344142433211
130    9.7142     6      12.181   1065347714   2422334414311213
131    9.7142     6      12.151   1842472356   4413342112232431
132    9.7142     6      12.144   1130156503   2334322442131141
133    9.7142     6      12.130   1976348442   4114221231343324
134    9.7142     6      12.124   480970346    3122342143324411
135    9.7142     6      12.120   691782483    3114132342212443
136    9.7142     6      12.117   637743774    4232211244331341
137    9.7142     6      12.114   1702870120   3242214411343123
138    9.7142     6      12.110   101556541    3112322434421413
139    9.7142     6      12.110   757680932    4142334431121322
140    9.7142     6      12.094   577576656    2314112134332244
141    9.7142     6      12.094   663566136    1213233431142244
142    9.7142     6      12.087   923519102    4314112321334224
143    9.7142     6      12.084   1862969862   4412422133231143
144    9.7142     6      12.084   781626536    3322342443121141
145    9.7142     6      12.084   3795207      4231243411332214
146    9.7142     6      12.070   754728601    3431324214411223
147    9.7142     6      12.070   1994659406   2341121314433224
148    9.7142     6      12.067   1572300681   3321441131224342
149    9.7142     6      12.064   973357588    1442434133231122
150    9.7142     6      12.064   147505226    4311334224412321
151    9.7142     6      12.064   60959797     3442233132114124
152    9.7142     6      12.060   1101238674   4113221233144342
153    9.7142     6      12.060   1511612071   3422321243144113
154    9.7142     6      12.060   855852380    2143133242234411
155    9.7142     6      12.057   534878403    4112142331344322
156    9.7142     6      12.057   269792294    4133244312211423
157    9.7142     6      12.057   1188067891   4421232243411331
158    9.7142     6      12.057   1047744263   1342141122443233
159    9.7142     6      12.047   920543268    1234421311433224
160    9.7142     6      12.047   69155198     3134232144112243
161    9.7142     6      12.040   1051115575   3311224214432341
162    9.7142     6      12.037   319011001    4221432411231334
163    9.7142     6      12.033   549675021    3431144132212423
164    9.7142     6      12.033   1535573075   1244311413422332
165    9.7142     6      12.030   958388173    4433421231141322
166    9.7142     6      12.030   120972000    1142124133443223
167    9.7142     6      12.023   995670991    3422311332144124
168    9.7142     6      12.020   1169270013   2133231424434112
169    9.7142     6      12.020   1176121870   2142244341123313
170    9.7142     6      12.020   558873698    1134422414332312
171    9.7142     6      12.017   473860906    1424133443112322
172    9.7142     6      12.017   172616992    4213412233114432
173    9.7142     6      12.010   1412907721   2441334321123142
174    9.7142     6      12.003   1265414172   4223112433214134
175    9.7142     6      12.003   1355451285   2441143321312234
176    9.7142     6      12.003   1837609140   3241344331121422
177    9.7142     6      12.000   927836665    4412431133422321
178    9.7142     6      12.000   1138963364   2322114313344241
179    9.7142     6      12.000   476655055    2441133121434232
180    9.7142     6      11.993   1487833051   4233213431122414
181    9.7142     6      11.993   283722972    4322423441121331
182    9.7142     6      11.993   1883179588   4332413122342114
183    9.7142     6      11.990   611824615    2331322114124434
184    9.7142     6      11.990   1510245378   4434212331322411
185    9.7142     6      11.990   351169299    3214223431244113
186    9.7142     6      11.987   1668940884   1342441433122321
187    9.7142     6      11.987   2092514264   1223344213143241
188    9.7142     6      11.983   1097850969   2421441131223433
189    9.7142     6      11.983   1930462931   1321124331422344
190    9.7142     6      11.983   303758334    3432124144223113
191    9.7142     6      11.980   1734847386   2441134214331223
192    9.7142     6      11.977   1572847865   1331434424112232
193    9.7142     6      11.973   1284357518   3431144133221242
194    9.7142     6      11.973   2057644761   4433242314112213
195    9.7142     6      11.967   1077760444   4122321134424331
196    9.7142     6      11.967   1555211890   1344233224114312
197    9.7142     6      11.963   954796317    2443133221423411
198    9.7142     6      11.957   1864610668   1131443422412332
199    9.7142     6      11.953   1087909206   2422123311344143
200    9.7142     6      11.950   267713517    3134214432241123
201    9.7142     6      11.950   837407979    3224331214423411
202    9.7142     6      11.946   2029027047   2441343214223311
203    9.7142     6      11.943   181241672    3421244113143223
204    9.7142     6      11.940   477554076    4324423313412211
205    9.7142     6      11.940   341260799    4433123211422413
206    9.7142     6      11.940   1082713448   2131423344112243
207    9.7142     6      11.940   850959458    3323122134424114
208    9.7142     6      11.936   1813978473   1412443134223321
209    9.7142     6      11.936   1549154706   4434233221131241
210    9.7142     6      11.936   52857526     1334114422432123
211    9.7142     6      11.933   1901985398   2141132243442331
212    9.7142     6      11.933   409824817    2443413123322114
213    9.7142     6      11.933   365204804    3234422431121413
214    9.7142     6      11.930   765136633    1214244332234113
215    9.7142     6      11.930   490347432    3411224314421332
216    9.7142     6      11.926   879071213    2334313214224411
217    9.7142     6      11.926   1207181765   4114423324312213
218    9.7142     6      11.923   1709189956   2134423114332241
219    9.7142     6      11.920   2040292878   2433414421123132
220    9.7142     6      11.913   1709097108   4421412233431132
221    9.7142     6      11.903   408966289    3234112144224313
222    9.7142     6      11.896   587896907    1121423322443413
223    9.7142     6      11.893   1921005400   3241122334421314
224    9.7142     6      11.893   1048281329   2131242234114433
225    9.7142     6      11.893   926953366    4234431213322411
226    9.7142     6      11.890   2023108570   3134414324211223
227    9.7142     6      11.883   175433497    4224114321231334
228    9.7142     6      11.880   907030570    3123214334422411
229    9.7142     6      11.876   1825679857   3432244123142113
230    9.7142     6      11.876   109824842    2114413324234312
231    9.7142     6      11.863   255640996    3122134114424332
232    9.7142     6      11.856   1703538158   4113442332122431
233    9.7142     6      11.839   1740227419   3122114324423341
234    9.7142     6      11.833   1720035365   4322414423121133
235    9.7142     6      11.829   970239828    2334114213124432
236    9.7142     6      11.819   1019966039   1334424322141123
237    9.7142     6      11.819   1509005388   1121413224234433
238    9.7142     6      11.809   1057934103   3143413324422112
239    9.7142     6      11.806   1791371136   4424114313221233
240    9.7142     6      11.799   1244406828   1123443324221413
241    9.7142     6      11.756   1078221700   2232113314124434
242    9.7142     5      12.174   769731615    4144311223213342
243    9.7142     5      12.120   2061520267   4113243442233121
244    9.7142     5      12.104   1791304798   2334311322414421
245    9.7142     5      12.100   1424548002   3443241314211223
246    9.7142     5      12.087   74179694     3311421223243441
247    9.7142     5      12.064   1792814148   3443211424131223
248    9.7142     5      12.047   466993927    4142211323433124
249    9.7142     5      12.040   1236374940   4213411433223124
250    9.7142     5      12.033   484009416    4112243442132331
251    9.7142     5      12.030   1998423839   3143242211344123
252    9.7142     5      12.023   1857706883   4424311213223341
253    9.7142     5      12.023   1267499391   3233422412114431
254    9.7142     5      12.023   1257676846   2334211324414312
255    9.7142     5      12.010   17012846     3311413244342122
256    9.7142     5      12.010   54299616     2141244331132342
257    9.7142     5      12.003   1851856771   1144221323343124
258    9.7142     5      11.987   214436492    4211412443223133
259    9.7142     5      11.967   661152843    1324421223343141
260    9.7142     5      11.963   604581881    3134214112244332
261    9.7142     5      11.960   1590844950   4121344331142322
262    9.7142     5      11.950   715152232    3234424112214331
263    9.7142     5      11.913   625125874    4232213124114334
264    9.7142     5      11.913   602650959    4234132244331121
265    9.7142     5      11.906   52508616     2334132214431124
266    9.7142     5      11.900   1608617669   1243142233441132
267    9.7142     5      11.886   523240331    1223143342441132
268    9.7142     5      11.873   1016646612   3132143422441123
269    9.7142     5      11.870   917631569    1133243422144123
270    9.7142     5      11.870   1960016977   4224123211433134
271    9.7142     5      11.863   707497237    2234133211443124
272    9.7142     5      11.853   354563556    2214113123244334
273    9.7142     5      11.813   515911339    1234213224114433
274    9.7142     5      11.813   2042350117   3244113122142334
275    9.7142     4      12.084   977925373    3211424412231343
276    9.7142     4      12.080   271665027    1221142443413323
277    9.7142     4      12.060   2105191476   1124332131422344
278    9.7142     4      12.037   1995019662   1442132233112434
279    9.7142     4      12.017   461021064    1144312132422334
280    9.7142     4      12.000   1727386614   1241133143442322
281    9.7142     4      11.997   522170607    2344241221131433
282    9.7142     4      11.990   436586027    3432122331144241
283    9.7142     4      11.987   2080368298   3211422312441343
284    9.7142     4      11.963   939870214    1223142413443321
285    9.7142     4      11.963   2143513001   3241133144342122
286    9.7142     4      11.940   455897301    3443142213241123
287    9.7142     4      11.936   1544288749   4112132233142434
288    9.7142     4      11.926   532291603    3431223321144241
289    9.7142     4      11.906   1029672233   3123442213241143
290    9.7142     4      11.890   1526142890   2234244121131433
291    9.7142     4      11.793   67117340     1124432134142233
292    9.7142     4      11.769   1459878288   1124432233142134
293    9.7142     3      12.010   136091825    1223324313441421
294    9.7142     3      12.010   458900638    1223324413421431
295    9.7142     3      11.873   641933777    2442343322141131
296    9.7142     3      11.836   1330088714   2142443322341131
297    9.7142     2      12.090   1566624325   1423221124413433
298    9.7142     2      12.047   1249091934   1423211224413433
299    9.7142     2      12.023   277033591    3113433224214412
300    9.7142     2      11.923   852805572    3123433224214411

