--- Top 100 unique unconstrained sequences by I score (L=12, k=6) ---
Rank   I          seed         sequence
1      9.3663     10089185     564123346215
2      9.3663     2051391804   424631523516
3      9.3663     1454737244   642556332114
4      9.3663     1042404277   621246545133
5      9.3663     1405307238   264363521451
6      9.3663     547349875    415623425316
7      9.3663     1931152495   443531612256
8      9.3663     1497739010   142663255341
9      9.3663     920008397    315123662445
10     9.3663     998336967    132355614642
11     9.3663     1337522579   512563442361
12     9.3663     56948600     123321446556
13     9.3663     1954730704   624633115254
14     9.3663     718361525    543123216456
15     9.3663     376410729    321436152465
16     9.3663     693793389    156353412426
17     9.3663     1349013798   324526346115
18     9.3663     438144259    652443513216
19     9.3663     222131843    221154533664
20     9.3663     1807846908   421536256134
21     9.3663     1617908338   454312613562
22     9.3663     1151081719   641224365153
23     9.3663     210653626    426552341613
24     9.3663     904916379    566251331424
25     9.3663     413722284    553413226164
26     9.3663     686324245    624311365452
27     9.3663     2071818070   421612533465
28     9.3663     519421894    642511235436
29     9.3663     1374770165   364153546122
30     9.3663     871252027    252654146313
31     9.3663     1669768265   522344651316
32     9.3663     1696214599   623521314564
33     9.3663     115736256    262456433511
34     9.3663     432110100    352162645134
35     9.3663     1383422534   641165453223
36     9.3663     460910299    536461312425
37     9.3663     1301138550   414633512256
38     9.3663     269208413    432624631155
39     9.3663     1367875122   625133445612
40     9.3663     170459483    653412251436
41     9.3663     213972391    462143532651
42     9.3663     368385513    332215654614
43     9.3663     626691283    124254651336
44     9.3663     210077025    142126436535
45     9.3663     372962747    313422615546
46     9.3663     1734508630   536142243516
47     9.3663     1517631848   135663425214
48     9.3663     638468900    436652512341
49     9.3663     2143887545   254143626135
50     9.3663     1376221460   432556362114
51     9.3663     188386669    166425123435
52     9.3663     2057486247   525344136216
53     9.3663     482428752    652641432315
54     9.3663     158752868    641423361255
55     9.3663     1384207257   315243265164
56     9.3663     139825717    236431651245
57     9.3663     1650978420   543314262516
58     9.3663     633469524    324316625451
59     9.3663     803936678    156334451262
60     9.3663     376716425    521234536164
61     9.3663     503099506    465112532643
62     9.3663     1841983445   514431526236
63     9.3663     109434458    113226536445
64     9.3663     1153316047   452621334615
65     9.3663     702249394    641256135324
66     9.3663     1763712399   225134641563
67     9.3663     1524798892   623615341254
68     9.3663     1798692378   431455612236
69     9.3663     245544094    423124366155
70     9.3663     585928517    454625332161
71     9.3663     568222435    266124135543
72     9.3663     981844269    541146365322
73     9.3663     1146909494   651262134453
74     9.3663     1609000997   314613525426
75     9.3663     1466016278   641513342625
76     9.3663     968918909    324516546123
77     9.3663     508973978    632361525414
78     9.3663     1771741665   324615523164
79     9.3663     1432894350   541563324216
80     9.3663     1499891396   461362243155
81     9.3663     1068667838   551334614262
82     9.3663     1313350817   253435641216
83     9.3663     722102534    224341356516
84     9.3663     1349382881   534113652264
85     9.3663     1062303064   322136545164
86     9.3663     28105691     166532143542
87     9.3663     1086173844   635146253241
88     9.3663     897855935    154233652614
89     9.3663     209098771    354212461365
90     9.3663     2071965515   165623441253
91     9.3663     455316203    256123643154
92     9.3663     1497022852   242116563453
93     9.3663     349891925    423651431562
94     9.3663     1185334616   635116532244
95     9.3663     1763038990   656345423211
96     9.3663     213419532    626145313524
97     9.3663     12076760     226564541331
98     9.3663     972400159    232515641634
99     9.3663     866558073    413225463516
100    9.3663     294288058    534351624126

--- Top 100 unique constrained sequences by I score (L=12, k=6) ---
Rank   I          seed         sequence
1      9.3663     1731852127   341153665422
2      9.3663     1096795017   535644221136
3      9.3663     1459135495   332154562461
4      9.3663     912274105    536445623121
5      9.3663     1133637177   425121643563
6      9.3663     101514529    652461534321
7      9.3663     762566957    142645623351
8      9.3663     811026682    521363546412
9      9.3663     2041553904   343515264162
10     9.3663     1359690390   431421665523
11     9.3663     557228587    211345465236
12     9.3663     750241858    145363425162
13     9.3663     2110367060   163153224546
14     9.3663     535352773    561136245342
15     9.3663     1402179901   132264436155
16     9.3663     1002938051   236446315521
17     9.3663     465318640    535211346264
18     9.3663     232624460    563262135414
19     9.3663     1765127327   412465153362
20     9.3663     407179251    243525164613
21     9.3663     1606319412   142164535263
22     9.3663     1085843502   146245336125
23     9.3663     691916011    412465251363
24     9.3663     9804126      144651253236
25     9.3663     191732889    422143356651
26     9.3663     490406800    162344615253
27     9.3663     1354187824   423512665341
28     9.3663     1105522672   364651431225
29     9.3663     814525379    265612453143
30     9.3663     172805694    534124615632
31     9.3663     1876621616   561324345162
32     9.3663     1617740011   225534114366
33     9.3663     870373934    144525633126
34     9.3663     1522691358   311626432554
35     9.3663     350469199    255464321361
36     9.3663     2098221121   152325163464
37     9.3663     698236363    462353254116
38     9.3663     739889775    566215423431
39     9.3663     82033718     436255634211
40     9.3663     149670251    561224345163
41     9.3663     492887994    564363122145
42     9.3663     178427009    323616454251
43     9.3663     1901490991   564113465322
44     9.3663     864712169    634465152312
45     9.3663     1804827552   121655642334
46     9.3663     2095229098   235512434616
47     9.3663     385765897    136214523546
48     9.3663     1518366303   423214135566
49     9.3663     289472854    412354653261
50     9.3663     2099451470   543132466152
51     9.3663     292539974    542151263346
52     9.3663     515069532    466212435315
53     9.3663     1702949260   552114624336
54     9.3663     451210385    163625214543
55     9.3663     286063669    254536341621
56     9.3663     860801284    655432612314
57     9.3663     1178476769   332461164552
58     9.3663     1103822416   214256354361
59     9.3663     1247815425   641512463532
60     9.3663     253943254    166525324431
61     9.3663     181535540    324315126465
62     9.3663     488716664    425154626133
63     9.3663     552896286    624335614215
64     9.3663     1062755584   322546413156
65     9.3663     1609054549   131453224665
66     9.3663     514162563    445361152632
67     9.3663     1887302955   153144362526
68     9.3663     1083453226   423436556112
69     9.3663     1548409104   142635512364
70     9.3663     440410393    352636112454
71     9.3663     1363223102   426453612513
72     9.3663     1556066617   145224336516
73     9.3663     915028759    213341665245
74     9.3663     679424744    215465163324
75     9.3663     23802078     344561512623
76     9.3663     1456337118   135146563422
77     9.3663     1988507162   366142354512
78     9.3663     849097368    142632553416
79     9.3663     1369961742   653432612541
80     9.3663     475893412    655163224314
81     9.3663     2004270439   436422551631
82     9.3663     1723301301   661234315452
83     9.3663     911137718    246235615314
84     9.3663     433525278    531426123654
85     9.3663     724684927    242656154313
86     9.3663     458118674    654156433122
87     9.3663     743948916    145431662253
88     9.3663     1838258336   152645342316
89     9.3663     345177876    116443325265
90     9.3663     238337939    516531362442
91     9.3663     1392892198   224355616413
92     9.3663     1933883795   253613215464
93     9.3663     1980664414   413165235642
94     9.3663     1599733026   213341545266
95     9.3663     1453043581   312364541625
96     9.3663     2063186918   534266524311
97     9.3663     500291461    336215124654
98     9.3663     1064630753   652236414351
99     9.3663     110730706    445315136622
100    9.3663     888656348    244655116233

