--- Top 100 unique unconstrained sequences by I score (L=40, k=4) ---
Rank   I          seed         sequence
1      11.1792    1126163342   1132144344414324133342332231411224212433
2      11.1719    1200573603   1223213141214343341113423443133242211441
3      11.1464    1837829855   1211421323212234431134422423143334324411
4      11.1459    1045327776   1222312143231324221243314133442111443412
5      11.1233    1878859826   4311124434213332122411344223314132114412
6      11.1226    1455374017   1123334142344241213122211342433232231431
7      11.1210    123769535    1413143133321241221134144343342311424442
8      11.1100    349875683    3133344144323431431231142122211243413244
9      11.1039    1467901258   2124442121422433143424122231343123411332
10     11.0999    2062158279   4334323141232434423334114214431322213111
11     11.0999    1174345661   3214311213422331413344232224434144432421
12     11.0969    2050097754   1413342321113223444141242212243314321313
13     11.0963    575379994    1412212414311341234424443331322421312114
14     11.0937    67318930     2423414222443114411331324122332112334314
15     11.0906    1810958794   1434422142411413242122233431441213113342
16     11.0901    1233746651   3321141242442221423444123314113133432311
17     11.0865    1770810694   2322131444231244214331324224141112234343
18     11.0837    684983945    2132142441143133312314134212211224222344
19     11.0825    759542317    4312422212333231341214111433244323421131
20     11.0821    868507287    1114324342131323122333112141442344314223
21     11.0812    1958213353   3332233121243241423242211444111134314342
22     11.0775    175126450    2413421334332232314342214441121242321113
23     11.0775    1774692848   3111423224213334112213233314143444124424
24     11.0775    757235587    4322342312214243111413321344142143334124
25     11.0739    1203537866   3311243323342413434124414312231322442114
26     11.0708    2006026980   4222114311334112122131424432343442331244
27     11.0708    2027062401   1234233444333242243431424112321221411132
28     11.0707    1356131794   1411332412223111213232112344244433141343
29     11.0687    2145243979   2311442113333122132223324224134441424334
30     11.0681    1924647496   1421222323324422113111213341344111431234
31     11.0652    825803693    1231144233232243143214144411213433312211
32     11.0630    1651156581   3224123324314434334212131131334442341422
33     11.0626    1177634438   3342343313332321312224211121412123144341
34     11.0614    907692998    1323143112423432233213344344141232422121
35     11.0614    722668115    4333243431122411321312444214131443232342
36     11.0594    334624330    3244423343114413232223134432111221234133
37     11.0582    2017133087   1213211212414131423444111223233324424343
38     11.0582    1942400217   1112321412234434331311241442411322114233
39     11.0541    1870446808   3323442423223314113421144143433321312422
40     11.0514    489528242    1122143232242234311134244412333414412433
41     11.0513    173714256    1433242211411321431332312233441342123434
42     11.0506    2094200044   2332244432111243344121423413224114421231
43     11.0506    100196051    4213434124422432114413333142231131214143
44     11.0506    243793708    1432121124223334244441442341323121332243
45     11.0505    1094911103   3212143232344222331414244343124113134334
46     11.0492    798748393    3344214223412322211313434224133144432111
47     11.0492    1691000524   4443123321441422311334232124112243314123
48     11.0487    1689150148   3424212411314143122443232221123123334412
49     11.0473    736318773    1211343131112414443123322322424422141143
50     11.0456    1571278074   3343124111223213424214221414344323132434
51     11.0456    1124232656   1442421432334331123431422441142324132211
52     11.0448    432661057    2324122113331341144431112342421322323432
53     11.0443    852719442    2443222123231342343414141311144333124214
54     11.0443    2064093486   4342332131113342123222344244431414112421
55     11.0442    456297788    2342331311244224432411332122114123222343
56     11.0438    1331999560   4423123422321433243343142111341313241411
57     11.0437    766547549    2422131211332334214111123222312441344341
58     11.0419    97984702     3322411312122211243142234133423314432133
59     11.0387    123374485    1333112314431414332413242334422113124322
60     11.0387    498920656    3141224323423213411144212112312233224434
61     11.0375    97429466     1242224121232313214324441143134331422334
62     11.0375    1696702342   1322241421124322134241212334441131433314
63     11.0375    1412337615   4322112211434141331442124413422333234431
64     11.0375    148720557    1223123423331142214214132443412431344432
65     11.0375    653445029    1213223134321433233144442411112341224341
66     11.0374    645417128    3441244222112143143414232132242323113332
67     11.0374    1020512806   1222412113242442231311443331342321414111
68     11.0347    1785293042   1323131211443212444232412343414424223334
69     11.0347    1119392540   4341343323131112144411443123421132242231
70     11.0347    162481342    3343224434443142232113134243123414124212
71     11.0331    508916956    3342232111412123244322143431243313213414
72     11.0319    2013121419   2131441132423231133342442114124322341444
73     11.0312    16124642     2234312131142434211231334422211141432332
74     11.0311    1860130957   4112413433223142442243114323214431233334
75     11.0311    923101101    2311313233213341424412432234222143134422
76     11.0306    589181420    1241322423214311411211433133344434241221
77     11.0299    2130169165   4423243223414113122143342113231242244114
78     11.0285    1169443547   3112423141221144331421333413124324442322
79     11.0254    1155135223   3231334311112411434234422234122132421233
80     11.0254    83201773     2442413233133422342431444124211343213122
81     11.0249    520876841    2141223424221344413241331244232113311434
82     11.0249    1481377222   4323443412233424232412214442131143123113
83     11.0249    1835180004   3242121142414233113314434222312344413211
84     11.0249    685821870    4121321231331144343123423224414342411221
85     11.0249    1815626083   4221242314341414233434411122413323213113
86     11.0249    1971815805   3432131334124122344144314421114233221213
87     11.0248    110526026    1112444112331242323141431132412134434221
88     11.0248    2066782199   4124243132123441411223131211433311442221
89     11.0230    1985967239   1143211133424212444134322224231312141232
90     11.0213    1773085058   1224113342314132211234323132443144143321
91     11.0213    954642384    3232233343141341211124424321313434422212
92     11.0213    1812289122   3121142132444113431414412332224313422341
93     11.0194    270840205    3232124343214423342414211141133341311221
94     11.0194    1824987072   1232421434221213331244423144131141234434
95     11.0192    1888379221   2122232312341114333443134233113121324221
96     11.0186    796479661    3431312324134221411243322344341431321114
97     11.0181    236796943    2442331124221133432123113143323421413244
98     11.0180    1771091450   1223422212432123313144341124142132433442
99     11.0180    1202140951   1431234221421223222332444321114133424134
100    11.0180    1372607818   2422412444331131443134222322132121123332

--- Top 100 unique constrained sequences by I score (L=40, k=4) ---
Rank   I          seed         sequence
1      11.2183    1028755741   3243313223442221312333414214311244412114
2      11.1990    1009876210   3214213243341222443134411333124221114423
3      11.1990    2041341701   4333422414121331234411431314211243222324
4      11.1990    603177814    4133411324222322144234312311412134443321
5      11.1990    537142744    3114324121321131443124413434242333221422
6      11.1864    794799326    4223431233214212132243241244414113133341
7      11.1796    266000275    1121222344143412331132314433244221343214
8      11.1657    798630420    3424344421231321112232441413433221331412
9      11.1657    272654088    2124132444122431312341433442232131114233
10     11.1657    424032480    3431442441411314332112423222341331213422
11     11.1657    1387395066   2431324112224414221123413423332131143344
12     11.1657    1028776334   1222123342113441413224243131443323311244
13     11.1657    1199918687   4324442241132342141222331213343411423131
14     11.1657    309698792    4343231114242322122232131443334414112413
15     11.1657    2068259619   2111324413442323422112241424333123343141
16     11.1657    333148120    1133411412144232412331424433222313434212
17     11.1657    1059141570   1321434333134122133232242314442441211124
18     11.1657    1776465391   1341412433313324421223211143424223441312
19     11.1545    274201949    3324123414233434242122441313221124311134
20     11.1531    1864745285   1132441412333112114424331423432213342224
21     11.1531    1278639258   2133234122324342123314413442241431211134
22     11.1531    96858806     4324311322411144342312142213341441232332
23     11.1531    53102526     1332224433423113243214312314223412114144
24     11.1531    38835591     3242232124134142432211144431433113233412
25     11.1531    1920748012   2122323123132214242241331113143344434144
26     11.1531    923652624    3112321314244411443124323412122242133343
27     11.1531    1374792709   4432131232311143134342441124221222414333
28     11.1477    1992856306   2113212332213344144423141143424222341313
29     11.1464    2008862820   1224233233444113313114221241342143223144
30     11.1464    1905371152   2313344131243412214423242111343212414332
31     11.1464    71202488     2444314221333214114231212434131123432324
32     11.1464    2045217318   3344422321132212133313414234112431412244
33     11.1464    652797064    1212444332241113312142343134223243441321
34     11.1464    1142361391   2244233221113412434443112133424132314312
35     11.1406    1165915043   2324433233423442214132243111211144123134
36     11.1338    2095905517   3112213341132424344333121414421234224231
37     11.1338    1852141222   2334112124123132324342344143133114422421
38     11.1338    1756976939   1443311411222442143231333214241213242343
39     11.1338    1223532094   3422244412421232131424334324113311211433
40     11.1338    1729922412   4241341114212213214432344124331313332242
41     11.1338    255905023    3243142233131231134143213234241144422124
42     11.1338    1454555757   2123342323134122324331413111244344114224
43     11.1338    1794725197   3444323231321421112433244224122331131414
44     11.1338    656925393    1144214143422224314234133311213232123344
45     11.1338    1525616548   1223233313421211424341133244124234144312
46     11.1338    601572577    1333411314323223421142241442311242213443
47     11.1338    1296379663   4341421211314332141322344424233312311242
48     11.1338    1833365985   4123333113232144241142243124441343322121
49     11.1338    1719949171   4214221112432322334121314313321442413434
50     11.1338    1025413356   1431243433311144341132322133242244142122
51     11.1270    2053858884   1442212312444313311414243242111323334322
52     11.1270    1911856737   3241141311323341221431244343213142223424
53     11.1270    766310735    4234322214413313211232434213141442233411
54     11.1270    638777037    2443321331322324234212341144412434312111
55     11.1270    966693311    3224424133221114124313122342333444112134
56     11.1212    992086932    2244412423314213411123113313223214432344
57     11.1212    698915471    3133244342432343314114213122144211242231
58     11.1212    2049558241   2312213311132341441124314232212332443444
59     11.1212    842883464    2433332232121331112211442341421413424443
60     11.1144    252498578    2311444141112343412413124222132332243334
61     11.1144    746072859    1434311322123142432411213423313442223414
62     11.1144    1289670795   2312133321134342341241112244132324314244
63     11.1144    1110402911   1131421324124243233423212214441413433231
64     11.1144    1559849472   4234311413424412221113142123231434432233
65     11.1144    1033900280   1433422412432234133141121131231343242442
66     11.1144    1565292118   4232332224312311211134324411413334442241
67     11.1144    1361185492   4424312324121434141132332114223134322134
68     11.1144    1458960610   2231131224314131344232211424144432343321
69     11.1144    1943428012   1143341411133142422233131243224442342123
70     11.1144    1521243473   4124113221121334431221414224233314343324
71     11.1144    882164523    3233144211312414132423424343441232231121
72     11.1144    763316633    1413244414321233413442342211213331312224
73     11.1144    1846220117   1342141131334132442312433214344322211422
74     11.1144    240469746    1242332442114331334112324122231132344414
75     11.1144    229374918    2122133444124143433134244214223123321311
76     11.1144    1779422008   3331412144321234411312442114223233134242
77     11.1131    1581830708   1332221432131242421134423123233434114414
78     11.1131    1346710991   1441334431234212322112143243313411322442
79     11.1131    799352595    3122314144133223334344211132114221244324
80     11.1131    1808297196   2112124143242442311333441343134123222314
81     11.1131    702047454    1442233143212224434241211211313343323441
82     11.1131    968047610    2241434342141142321112443334412331313222
83     11.1131    518571588    2131312334121442223244323441424321114331
84     11.1131    857348175    1142123231244224232243413311211344144333
85     11.1131    1020220049   4133212313423142224324121434421111244333
86     11.1131    465432736    4111233343123244213313142422212443413214
87     11.1131    1635086516   4311244124114431332122341342334322213142
88     11.1131    1343104246   2413122243332113231341214331421124442344
89     11.1131    236953407    4414114344242343211323334222112233131241
90     11.1131    441145119    4124141113332234431442212334342431122132
91     11.1131    326087938    2414244344413322422331131431212111234332
92     11.1131    1887174883   3114133432141441234211322244424313323122
93     11.1131    1407750550   4111444312133321322234214241224323141334
94     11.1131    1528963705   3414344113224123313433242442322212111314
95     11.1131    1819876216   3314442233411121431413224124312321343242
96     11.1131    2122904573   4423431133432324132123142222112441411433
97     11.1131    388807322    2234331334414413242111213442314312412322
98     11.1131    1023776417   1134323333223422411242324413121431144214
99     11.1131    628819799    4414221141134323243312412123422331321443
100    11.1131    738483233    2422344114342434144433233131123212113122

