--- Top 100 unique unconstrained sequences by I score (L=24, k=6) ---
Rank   I          seed         sequence
1      11.5528    616393371    216532362252466311434541
2      11.5528    1147762029   151452664613443312322562
3      11.5528    1909127144   245251623154334113266461
4      11.5528    579926607    663432244512655315416421
5      11.5528    814271587    155216136564434253266241
6      11.5528    1708005864   433235112425615445526631
7      11.5528    569007672    213523264251241436165453
8      11.5528    1211323723   542441232662115533646313
9      11.5376    1336125347   412164455635423153326511
10     11.5376    2068148709   644211465413523253631661
11     11.5376    1158460430   113212442314155654364663
12     11.5376    1637482648   214424556526462341536351
13     11.5376    2071808571   421656625541151431263353
14     11.5376    1959880573   642545116132633156655243
15     11.5376    512669051    246231421152645135433632
16     11.5376    1305964208   446112356531551643214225
17     11.5376    146800216    133445632266411621246551
18     11.5255    1647550949   442546135643321155362414
19     11.5255    1692443289   546165645134155332425262
20     11.5255    2083908061   651122344616243542133252
21     11.5172    1576625741   515331613664456352114234
22     11.5172    1115623402   164323656126335522514153
23     11.5020    966737318    511631345543223356244252
24     11.5020    1782128786   213324123616434565446311
25     11.4899    50691975     115352365456122551426641
26     11.4899    638777942    424431355125215456263322
27     11.4810    448611018    612443415456521325626331
28     11.4658    191746408    142245513343635646121615
29     11.4658    612263100    116412446225335615231456
30     11.4658    1785585350   615564462214342353251216
31     11.4658    1783355252   236165346354362131415522
32     11.4658    202145387    413614221524563453265516
33     11.4658    1034490914   513346414511621542263256
34     11.4658    937320477    626163414356315425224553
35     11.4658    734187066    513632352216156625415344
36     11.4658    1077095404   516632324336412521456155
37     11.4658    1682017875   112454356321466225526313
38     11.4658    232005674    345142161241315352532664
39     11.4658    626691283    124254651336535226341161
40     11.4658    1684539860   256641611534542265213331
41     11.4658    1689150148   346212451141356643632625
42     11.4658    1275950341   654663652133253442411451
43     11.4658    398890836    236561225516244633151453
44     11.4658    305991261    251621145615541234342663
45     11.4658    1786184323   256355442213341263616524
46     11.4658    1425866207   431461251361664235652453
47     11.4658    831846989    316544345663624141152232
48     11.4658    191773923    613314163645554224432126
49     11.4658    476833647    665414255635646122433211
50     11.4658    1863807725   445131161563425526213236
51     11.4658    225302820    416236146556443552251213
52     11.4658    2048553070   224642515214543613236635
53     11.4658    2007805720   633424431153662655125432
54     11.4658    1954039349   151243255423163365214642
55     11.4658    119504145    153543652633424662112445
56     11.4658    428300562    551132436142623256544663
57     11.4658    622726432    133625241563514653243126
58     11.4658    1979033207   234331614156355244622564
59     11.4658    866558073    413225463516624264552313
60     11.4658    265137738    516321435562342452613144
61     11.4658    279935047    465155442616322164335236
62     11.4658    897853147    115644366532524512333461
63     11.4658    1211399626   166136256431225452353415
64     11.4658    2099187820   126544523325634643421516
65     11.4658    2072119502   416446332515566542521123
66     11.4658    1003141380   346221311255523561424364
67     11.4658    145682470    353362522324165415611346
68     11.4658    1858579720   614541634361531225655232
69     11.4658    979151581    664413616545224325561123
70     11.4658    340126103    152262546644453213316341
71     11.4658    696167188    243652615451256334146214
72     11.4658    1747911148   526513541466361645123322
73     11.4658    233504549    634162361522444543265131
74     11.4658    1032325719   122654615235332144341563
75     11.4658    1670047992   256634232646554213614351
76     11.4658    1970693760   641545132252435233661462
77     11.4658    881615182    362214123454325651134664
78     11.4506    1497648602   542153134251433563626611
79     11.4506    896848999    532463343641523121652611
80     11.4506    1067136743   234232261336355256441514
81     11.4506    1088647325   221333612565235514244346
82     11.4506    1242060003   142131256522633453364466
83     11.4506    403331678    144224564325536212611133
84     11.4506    1901517497   644325316154263524521334
85     11.4506    1114952040   521341263532244515625416
86     11.4506    165909289    364224113126615212355456
87     11.4506    1958008066   144652241253266421513133
88     11.4506    299955106    263251324116445334621542
89     11.4506    1639628267   515311413662355232164224
90     11.4506    1448305095   445641513442161262253366
91     11.4506    2104053230   432144661261652354563134
92     11.4506    1822527214   326361225213342434554166
93     11.4506    1919892428   631166136251244145543222
94     11.4506    436505045    345624236354433214651112
95     11.4506    1474515326   616215343136514644522363
96     11.4506    982630924    645341126155156223214243
97     11.4506    1869739850   522554131635345616211436
98     11.4506    1594684200   132236546615163426455224
99     11.4506    1579838949   342115243516446631432653
100    11.4506    1054573170   144613532455641236533421

--- Top 100 unique constrained sequences by I score (L=24, k=6) ---
Rank   I          seed         sequence
1      11.5680    1611738837   331151426566364124432255
2      11.5680    880405268    336511346452144153262256
3      11.5680    856889276    141331263255665244516423
4      11.5680    1471799960   356454426636215132523411
5      11.5680    876866936    442153116123322546566345
6      11.5680    1669520661   335413265662315514464221
7      11.5680    1758748381   365532411221661425464335
8      11.5680    1903803350   626461432313422115545653
9      11.5680    764152934    314652366412245155621343
10     11.5680    1533146958   125445365514664232261133
11     11.5680    675352411    122324536552663341154461
12     11.5680    1687975592   154143422165125332456366
13     11.5680    1429374239   216236115334635414265245
14     11.5680    1960080307   226331565345436462512141
15     11.5680    459700754    331154432236426655121456
16     11.5680    1573165887   513656321241614452335426
17     11.5680    1119570265   515654235362646134321412
18     11.5680    2129331066   164425614122355331543266
19     11.5680    508719097    156235453144322636116425
20     11.5680    2095905517   621443412355242511563366
21     11.5680    266565366    126442551413566332231654
22     11.5680    1012129595   533214454615662343651122
23     11.5680    1199283596   344264513154322365661125
24     11.5680    1466480899   453651421126623255416334
25     11.5680    192610626    445262563361432165315124
26     11.5680    230909748    155463441312616624523325
27     11.5680    1676590360   114643355341265452166232
28     11.5680    1278245879   432361224455466335116521
29     11.5680    852065119    246531256623216435414513
30     11.5680    1777352525   465113532122634431645256
31     11.5680    56188380     355453226231446516611342
32     11.5680    936452468    466323562134551441225361
33     11.5680    8327600      366155644112145342326352
34     11.5680    1462742981   516346133121452422565436
35     11.5680    275701963    211542326355624651613443
36     11.5680    306665125    334241214525466155631623
37     11.5680    1411770424   623212611342464365451535
38     11.5680    582420518    346151122313544366265524
39     11.5680    615959104    645154112662534352363142
40     11.5680    37733092     512132556643363424146152
41     11.5680    1573974347   643544521336153241251662
42     11.5680    1377468691   264234362411552513563146
43     11.5680    138922008    441254662321135265145363
44     11.5680    1948538685   225231644613634356511542
45     11.5680    787132132    455356433241661314621252
46     11.5680    1374351051   416645653542621223315143
47     11.5680    1671732447   312251653235462614156434
48     11.5680    1981327129   314664221551335624341265
49     11.5680    1255646456   515231124335622644146365
50     11.5680    1655665051   535544346411636132212526
51     11.5680    1922002764   133246434155652614512236
52     11.5680    329044202    611524553363421432656412
53     11.5680    177611820    154653251126164344522363
54     11.5680    337883829    154226645243353116563412
55     11.5680    2099917820   244645626541131216332553
56     11.5680    495262648    341463161215256265442353
57     11.5680    886969179    126213153341642456352546
58     11.5680    1609364222   452665311463251624354213
59     11.5680    161047695    664534423565524122113361
60     11.5680    1226149863   525356315421126413436624
61     11.5680    1788096050   526235436651133421241564
62     11.5680    610068276    615134256532623124435416
63     11.5680    1910421443   611315243421453662254635
64     11.5680    1577642422   253132454623635211441566
65     11.5680    1076328405   324523551465361341626421
66     11.5680    609741695    466255423352631124161453
67     11.5680    1623057866   461632434412251352665531
68     11.5680    185165401    212241566325355461314436
69     11.5680    357767737    511221436546355323426641
70     11.5680    1826750050   363161154334465624522512
71     11.5680    177701970    113441423261533664655225
72     11.5680    8875228      112144263523325164536654
73     11.5680    583397610    143655612263113352546424
74     11.5680    1536832041   512346364432216115356254
75     11.5680    1747858976   144542351536343252612166
76     11.5680    648773326    654116342445336261352251
77     11.5680    2080689177   643635622315453251241146
78     11.5680    2001484847   665533134164451152422326
79     11.5680    2091268250   114512321546442265335636
80     11.5680    1670469144   311416632624344565355212
81     11.5680    118296175    251124526313436615642354
82     11.5680    1448206792   144256132334552151646362
83     11.5680    838882249    426332153166141234554652
84     11.5680    1914070413   456116554251362243412633
85     11.5680    1870213011   463213611244152335425665
86     11.5680    2088088182   542144513315636126653224
87     11.5680    21343267     133542556414511622363246
88     11.5680    1368900925   421332265461556452341631
89     11.5680    478501420    351133214225265434564166
90     11.5680    262143407    345654466315114122332526
91     11.5680    2093952815   314661134326516223544525
92     11.5680    278718705    614521351653124323625446
93     11.5680    1002828196   135362412232514554346166
94     11.5680    531469018    256424546615114323533621
95     11.5680    2020115489   544612326353451156422136
96     11.5680    959189288    153446351656431232262145
97     11.5680    1326660550   231513246614342126453655
98     11.5680    960854198    364452622125514616543313
99     11.5680    1814075833   246426341545533221361651
100    11.5680    1118583062   511656223414364535421326

