--- Top 300 unique unconstrained sequences by I score (L=16, k=6) ---
Rank   I          minHD  meanHD   seed         sequence
1      10.2755    10     13.468   1650770363   3152661624123435
2      10.2755    10     13.468   1426538301   3255126465233114
3      10.2755    10     13.428   2040340578   4163523365142461
4      10.2755    10     13.425   528791329    3631253521416442
5      10.2755    10     13.421   46794887     4566443136122552
6      10.2755    10     13.415   1892986663   4655361435162232
7      10.2755    10     13.411   846782169    4253412631356215
8      10.2755    10     13.411   1941490270   3421652613255464
9      10.2755    10     13.355   1094172113   2643653241352154
10     10.2755    10     13.331   93460445     6541134215643622
11     10.2755    10     13.258   487972049    2236354421341561
12     10.2755    10     13.237   252830073    6235344312516564
13     10.2755    9      13.582   612263100    1164124462253356
14     10.2755    9      13.565   1548482524   1634124536435226
15     10.2755    9      13.508   470780565    5442325646311216
16     10.2755    9      13.495   1389425761   3566124544165231
17     10.2755    9      13.472   423087881    6261433554531122
18     10.2755    9      13.468   1560850514   4411456612352653
19     10.2755    9      13.468   788259063    3632142546126415
20     10.2755    9      13.458   10339128     6552364534416132
21     10.2755    9      13.452   1233934884   2446551453632112
22     10.2755    9      13.452   313763614    1464353255131624
23     10.2755    9      13.452   225443475    1633123264515446
24     10.2755    9      13.448   1792510054   3525313646624214
25     10.2755    9      13.445   87915829     5213156126344253
26     10.2755    9      13.438   1556018236   5414664255321331
27     10.2755    9      13.438   786934067    6615351243234164
28     10.2755    9      13.425   321317622    3514341242526316
29     10.2755    9      13.425   625349963    3645231542512614
30     10.2755    9      13.421   1145045251   1663546432212553
31     10.2755    9      13.418   191704537    2316336562255144
32     10.2755    9      13.418   890091582    1612263655134544
33     10.2755    9      13.411   1369723975   6621145254631342
34     10.2755    9      13.411   1885979628   1122532136543456
35     10.2755    9      13.411   300684991    3324616451213556
36     10.2755    9      13.408   431867440    1244363546116522
37     10.2755    9      13.405   2045331305   1215254261664353
38     10.2755    9      13.405   559089180    3354256145126643
39     10.2755    9      13.405   415497666    3653544615223141
40     10.2755    9      13.405   1364158652   5315643425232146
41     10.2755    9      13.398   91107355     6244635131155232
42     10.2755    9      13.398   622726432    1336252415635146
43     10.2755    9      13.395   265137738    5163214355623424
44     10.2755    9      13.391   1976061630   4233451562612541
45     10.2755    9      13.388   1782695695   6436313252214456
46     10.2755    9      13.388   510825187    6214431532426635
47     10.2755    9      13.385   375917043    5661241153642343
48     10.2755    9      13.378   1682017875   1124543563214662
49     10.2755    9      13.375   682008857    6155244623251136
50     10.2755    9      13.371   1823902255   1134262543553612
51     10.2755    9      13.361   56272566     1261435132244556
52     10.2755    9      13.361   1863002857   1546351443226123
53     10.2755    9      13.361   652674964    5451224653163342
54     10.2755    9      13.358   1224674861   6234554112461352
55     10.2755    9      13.355   1499341360   1322346415451263
56     10.2755    9      13.351   695728366    4513465226321536
57     10.2755    9      13.348   1385052877   2415164355262133
58     10.2755    9      13.348   739627692    4236225546131651
59     10.2755    9      13.344   1220257835   4523151424635621
60     10.2755    9      13.341   695066878    3151426225365464
61     10.2755    9      13.341   365215829    2623433521455616
62     10.2755    9      13.341   956075734    2143513366455624
63     10.2755    9      13.338   1636124220   2144642661532355
64     10.2755    9      13.338   364862214    6452443315611226
65     10.2755    9      13.338   1164794901   1415235432534616
66     10.2755    9      13.334   1357677736   6113642353225541
67     10.2755    9      13.328   1761790954   5142364163132655
68     10.2755    9      13.328   520841252    3216336245515461
69     10.2755    9      13.318   1013659      1331622643544155
70     10.2755    9      13.318   1527653297   5621535231324466
71     10.2755    9      13.314   1482482663   6122362415633455
72     10.2755    9      13.311   796627188    6352446131625421
73     10.2755    9      13.311   379260751    1521363531642245
74     10.2755    9      13.301   431570573    1162455223543641
75     10.2755    9      13.301   1287173812   4652362113531245
76     10.2755    9      13.301   1936793900   3324311462564152
77     10.2755    9      13.298   550871191    3433545512266211
78     10.2755    9      13.294   2035039068   4135246615433622
79     10.2755    9      13.294   2040698343   2616543451362423
80     10.2755    9      13.291   1506314807   4536461215624325
81     10.2755    9      13.291   464403001    3144615132623545
82     10.2755    9      13.288   1948417345   1631445153326225
83     10.2755    9      13.278   1142783483   4336416224561135
84     10.2755    9      13.271   247972905    4525463316413265
85     10.2755    9      13.268   777831890    2532611245434631
86     10.2755    9      13.268   20471494     5326516233642441
87     10.2755    9      13.268   1098165606   5146343311266254
88     10.2755    9      13.264   840798491    4322125641665531
89     10.2755    9      13.261   915649050    6122641513545623
90     10.2755    9      13.261   1432894350   5415633242162351
91     10.2755    9      13.254   1637186021   5511346123356624
92     10.2755    9      13.247   2025914549   2513143622453546
93     10.2755    9      13.244   2012839193   2426365532143411
94     10.2755    9      13.244   63353582     5515226143644123
95     10.2755    9      13.234   1744742557   5522143632346611
96     10.2755    9      13.224   2087570082   2344245321651361
97     10.2755    9      13.211   662013940    3452562213166441
98     10.2755    9      13.204   802766567    1556242313416546
99     10.2755    9      13.204   415227888    4224433623515561
100    10.2755    9      13.191   1961476407   5235132443161266
101    10.2755    9      13.187   1518741668   2426143553631621
102    10.2755    9      13.184   1293581327   1143635425664521
103    10.2755    9      13.174   2121148342   6254145312163426
104    10.2755    8      13.585   339562420    3312154324656426
105    10.2755    8      13.542   1117699227   5411432256234516
106    10.2755    8      13.538   1323894222   4364511225426313
107    10.2755    8      13.525   859406165    4464531622651213
108    10.2755    8      13.525   1679574419   1562651335412234
109    10.2755    8      13.512   179178599    3145521264346562
110    10.2755    8      13.502   515360415    6456123524332511
111    10.2755    8      13.492   927817658    2466151134233554
112    10.2755    8      13.492   826621275    4664422315336251
113    10.2755    8      13.485   1367875122   6251334456122364
114    10.2755    8      13.475   1886781287   2416454366313522
115    10.2755    8      13.475   721686127    1325654416314522
116    10.2755    8      13.462   1018609865   6356124642513315
117    10.2755    8      13.455   2026319720   3662316344211525
118    10.2755    8      13.455   1112207547   5414353466523122
119    10.2755    8      13.452   1940577092   3212616536445423
120    10.2755    8      13.452   1602344313   2133524456531614
121    10.2755    8      13.448   1431627764   5135652434226163
122    10.2755    8      13.435   52529462     3464415562512231
123    10.2755    8      13.431   1041077252   6151133436552462
124    10.2755    8      13.431   31957801     2446113664533512
125    10.2755    8      13.428   1135568051   2211531324556466
126    10.2755    8      13.425   937323628    6141316446355225
127    10.2755    8      13.425   302391709    1634115365223254
128    10.2755    8      13.421   5680270      5415232246613436
129    10.2755    8      13.421   1933738652   5314436356265241
130    10.2755    8      13.421   1150016860   3441516625421235
131    10.2755    8      13.411   121154080    5263431424155166
132    10.2755    8      13.411   1011523027   6114316365523245
133    10.2755    8      13.411   115703207    6513326125434452
134    10.2755    8      13.408   409341028    1363352541261465
135    10.2755    8      13.405   1575444561   5511462456336423
136    10.2755    8      13.405   1360769796   4566352612514134
137    10.2755    8      13.405   452758117    4564615341312236
138    10.2755    8      13.401   1589859413   4166422362531154
139    10.2755    8      13.395   1331808271   6432416625135231
140    10.2755    8      13.395   1297278098   1631425524461323
141    10.2755    8      13.388   1701019888   5312434252164636
142    10.2755    8      13.381   1435031995   6114132433452656
143    10.2755    8      13.375   69066907     4651232141534356
144    10.2755    8      13.371   489837830    5643525461323142
145    10.2755    8      13.371   1210826640   1565452132436163
146    10.2755    8      13.368   470394667    3325564241314615
147    10.2755    8      13.368   876908187    2133526651143244
148    10.2755    8      13.368   546981823    4345335124226165
149    10.2755    8      13.361   1601956886   3422164465153325
150    10.2755    8      13.361   1151169417   1546221335265344
151    10.2755    8      13.358   1797010650   5141123263456542
152    10.2755    8      13.358   1382580653   3142432126645565
153    10.2755    8      13.351   172836485    1254635134526423
154    10.2755    8      13.351   1045061375   4243661512326534
155    10.2755    8      13.351   1518960164   5332621464563541
156    10.2755    8      13.348   242900288    2641656332131544
157    10.2755    8      13.348   1301447562   2635522116436145
158    10.2755    8      13.348   1410531176   4335466251245261
159    10.2755    8      13.344   1019502075   4245432611635653
160    10.2755    8      13.338   1769910139   1425633662124534
161    10.2755    8      13.338   1930544657   5436234615312265
162    10.2755    8      13.338   1440017634   4612145431653325
163    10.2755    8      13.334   1855331487   6514541613423522
164    10.2755    8      13.334   667467009    3142116435665223
165    10.2755    8      13.334   1967943092   4323455115246166
166    10.2755    8      13.334   1339742524   4113534223614655
167    10.2755    8      13.328   1987482331   4622565352113364
168    10.2755    8      13.324   1321234628   3145636221524653
169    10.2755    8      13.324   1433295868   2465611331542534
170    10.2755    8      13.318   786363580    3223616563512454
171    10.2755    8      13.318   1403878166   6635615432251441
172    10.2755    8      13.318   2097607991   2342516441326531
173    10.2755    8      13.314   1435097539   5625116343214536
174    10.2755    8      13.314   1735571953   5462113416364225
175    10.2755    8      13.311   915578221    1264134223554665
176    10.2755    8      13.308   1901517497   6443253161542635
177    10.2755    8      13.308   787454865    6643516232553141
178    10.2755    8      13.308   970476515    4346532411626125
179    10.2755    8      13.308   950550479    2254352315646163
180    10.2755    8      13.308   302263766    3343252651461164
181    10.2755    8      13.308   1789951712   2565263144123345
182    10.2755    8      13.304   392212261    6563246125213154
183    10.2755    8      13.304   545657761    5344246356513121
184    10.2755    8      13.301   692918194    2435665154463213
185    10.2755    8      13.301   482428752    6526414323151354
186    10.2755    8      13.298   685828614    5532646612235134
187    10.2755    8      13.294   1590121819   2523121663614453
188    10.2755    8      13.288   1530054116   5132143661645522
189    10.2755    8      13.284   1993260267   5423132561264453
190    10.2755    8      13.284   595282036    1233614252163454
191    10.2755    8      13.284   1572186187   4356236142165315
192    10.2755    8      13.281   1214879995   2554664233631411
193    10.2755    8      13.281   167219183    1554662643421351
194    10.2755    8      13.278   1222959635   1256321413665345
195    10.2755    8      13.278   1876150145   2451664252363114
196    10.2755    8      13.278   1022275002   5546162125343364
197    10.2755    8      13.278   12076760     2265645413314612
198    10.2755    8      13.278   2120637459   6534523261564431
199    10.2755    8      13.274   394916481    5324461264163525
200    10.2755    8      13.274   1123166269   2112461342635565
201    10.2755    8      13.271   565938002    4551135224166323
202    10.2755    8      13.271   2127462593   6121465232455364
203    10.2755    8      13.268   1692498566   4126515622431635
204    10.2755    8      13.264   302483576    3251235261454664
205    10.2755    8      13.264   1333282224   5436112321634455
206    10.2755    8      13.261   1654260093   6154233121445653
207    10.2755    8      13.261   1386183859   5146234153361264
208    10.2755    8      13.254   923785109    2566342411526435
209    10.2755    8      13.251   1323371934   2516263115435364
210    10.2755    8      13.251   188696565    2641345632536154
211    10.2755    8      13.247   2131527528   5326213436461255
212    10.2755    8      13.244   2136063825   2421464132553563
213    10.2755    8      13.234   352959993    2253663154165143
214    10.2755    8      13.234   1185334616   6351165322445643
215    10.2755    8      13.231   1033733522   2526513623114534
216    10.2755    8      13.231   1809327932   2251316533644621
217    10.2755    8      13.227   701828431    6435546613241521
218    10.2755    8      13.224   790119549    2513544326366521
219    10.2755    8      13.217   1213171869   6523445351243162
220    10.2755    8      13.217   866975126    1124342632165645
221    10.2755    8      13.214   532083652    2636525413442151
222    10.2755    8      13.214   818742084    3543163221524461
223    10.2755    8      13.211   1296830686   4623163342651145
224    10.2755    8      13.207   54553579     3421236143546556
225    10.2755    8      13.207   1582494761   2253466512336141
226    10.2755    8      13.204   1127737146   2542246615331145
227    10.2755    8      13.201   1102525593   2144512423366563
228    10.2755    8      13.201   995724520    5123465442521366
229    10.2755    8      13.191   195505268    2533166351426245
230    10.2755    8      13.191   1890494193   5631214342661545
231    10.2755    8      13.184   1897896570   2456163122365415
232    10.2755    8      13.171   971587669    1253315242365644
233    10.2755    8      13.167   705397345    6223446133115645
234    10.2755    8      13.167   1820611600   2451235441665632
235    10.2755    8      13.167   860764049    2446231143561532
236    10.2755    8      13.140   1481803560   6242345113661535
237    10.2755    8      13.127   144208394    4535236413261651
238    10.2755    8      13.124   191892020    2351265543466131
239    10.2755    8      13.114   1308859846   4535263122561341
240    10.2755    8      13.084   1588669209   5623645443265121
241    10.2755    8      13.080   240874116    2123155443364165
242    10.2755    7      13.468   1362566046   3563345524112616
243    10.2755    7      13.465   216003452    4421516134623352
244    10.2755    7      13.441   1443969774   2135652546361412
245    10.2755    7      13.418   458695250    6534151613242362
246    10.2755    7      13.411   225586485    4246352623415613
247    10.2755    7      13.411   315993442    3561364523122146
248    10.2755    7      13.408   1450526044   3343214165422566
249    10.2755    7      13.405   784766888    2244631455112366
250    10.2755    7      13.391   12454954     4154216513623352
251    10.2755    7      13.388   299693281    1552661434541322
252    10.2755    7      13.385   1202158412   5244512625413633
253    10.2755    7      13.381   814271587    1552161365644342
254    10.2755    7      13.381   1886791503   4321461551364253
255    10.2755    7      13.378   1943228314   2266335161453412
256    10.2755    7      13.375   37929047     5421643366145512
257    10.2755    7      13.371   808136535    5263234165442136
258    10.2755    7      13.368   1527887440   2635642446151132
259    10.2755    7      13.368   1699874383   3645525163412143
260    10.2755    7      13.365   1429779650   2251324341156463
261    10.2755    7      13.365   1012966412   2456631355414362
262    10.2755    7      13.361   852808650    1263343161455652
263    10.2755    7      13.358   464713561    3542615163212446
264    10.2755    7      13.341   508973978    6323615254144531
265    10.2755    7      13.334   617863451    3235522161346641
266    10.2755    7      13.321   1775971386   6631422335446125
267    10.2755    7      13.318   294570797    3321262544364651
268    10.2755    7      13.311   1757038529   6255211634561423
269    10.2755    7      13.308   1907565899   2556226361153443
270    10.2755    7      13.278   88784563     1252243614565463
271    10.2755    7      13.274   1460934836   6436125262351145
272    10.2755    7      13.268   1566560052   5231245516414663
273    10.2755    7      13.268   1248513101   5442415311325626
274    10.2755    7      13.258   224566644    5623245166542134
275    10.2755    7      13.251   289482570    5435126362346141
276    10.2755    7      13.244   2072938055   2326643344165515
277    10.2755    7      13.244   27090203     2422615311635456
278    10.2755    7      13.234   276008151    2325116353454664
279    10.2755    7      13.227   181144579    2325366543114624
280    10.2755    7      13.221   622424914    6322615451364421
281    10.2755    7      13.221   196830197    2255241631464513
282    10.2755    7      13.214   372219358    6635425323641121
283    10.2755    7      13.207   592551996    4566235241546321
284    10.2755    7      13.181   599275079    5533141612462364
285    10.2755    7      13.164   1598124265   1235263341446651
286    10.2755    7      13.157   497464202    6533262241364515
287    10.2755    7      13.137   944445568    4556233213146125
288    10.2755    7      13.110   2079136528   1535261241463625
289    10.2755    6      13.398   1172458981   3564161251542433
290    10.2755    6      13.385   1216341647   4624536155641323
291    10.2755    6      13.321   1286079724   5464161253562234
292    10.2755    6      13.304   1359973578   4315212233541646
293    10.2755    6      13.291   1296873580   3622465115641323
294    10.2755    6      13.284   1372762254   4215362233551664
295    10.2755    6      13.247   102150377    5136445532162263
296    10.2755    6      13.201   997592319    5223543416462531
297    10.2755    6      13.194   1283004533   3221245416461533
298    10.2755    6      13.184   726033398    5153443132462265
299    10.2755    5      13.338   2064759932   1452564323546116
300    10.2755    5      13.227   1746892299   1452565322346164

